0 0.4328125 0.9078125 0.15390625 0.18359375
0 0.371875 0.7359375 0.11953125 0.16328125
0 0.3015625 0.54765625 0.10078125 0.1453125
0 0.275 0.44296875 0.06953125 0.1078125
0 0.13046875 0.4796875 0.11796875 0.21015625
0 0.1109375 0.61484375 0.10703125 0.15625
0 0.30625 0.28046875 0.06484375 0.08203125
0 0.26484375 0.21171875 0.05 0.08984375
0 0.25078125 0.1171875 0.0875 0.16953125
0 0.33046875 0.1375 0.0734375 0.1421875
0 0.74609375 0.41171875 0.07890625 0.1140625
0 0.66796875 0.3140625 0.06875 0.1
0 0.7484375 0.2671875 0.05703125 0.08671875
0 0.64375 0.2078125 0.05546875 0.08203125
0 0.63046875 0.12421875 0.040625 0.05703125
0 0.70390625 0.1078125 0.0421875 0.0953125
0 0.7703125 0.0828125 0.0515625 0.128125
0 0.41484375 0.171875 0.040625 0.05390625