0 0.403125 0.80390625 0.1375 0.18203125
0 0.14765625 0.87421875 0.1359375 0.18984375
0 0.13125 0.68515625 0.10625 0.16953125
0 0.32734375 0.63984375 0.096875 0.140625
0 0.11171875 0.54453125 0.1 0.1359375
0 0.24765625 0.425 0.075 0.103125
0 0.1578125 0.3546875 0.07109375 0.1015625
0 0.053125 0.29140625 0.0875 0.1484375
0 0.18046875 0.275 0.0828125 0.1328125
0 0.2546875 0.22890625 0.05234375 0.05703125
0 0.28671875 0.35703125 0.071875 0.07890625
0 0.29453125 0.2921875 0.06171875 0.096875
0 0.334375 0.246875 0.053125 0.06171875
0 0.4171875 0.1671875 0.0390625 0.06015625
0 0.396875 0.12578125 0.0328125 0.07265625
0 0.38828125 0.0671875 0.078125 0.13125
0 0.475 0.07265625 0.0671875 0.1234375
0 0.553125 0.225 0.05546875 0.09296875
0 0.56640625 0.0921875 0.040625 0.04453125
0 0.73828125 0.38828125 0.0828125 0.128125
0 0.70625 0.18828125 0.0546875 0.1234375
0 0.74140625 0.15078125 0.05625 0.1375
0 0.59609375 0.1765625 0.04375 0.06953125
0 0.6109375 0.13984375 0.0375 0.06953125
0 0.63359375 0.11953125 0.028125 0.05703125
0 0.6703125 0.14765625 0.03203125 0.05703125
0 0.68203125 0.0921875 0.03984375 0.05078125
0 0.8015625 0.0625 0.0625 0.125
0 0.85234375 0.06484375 0.03203125 0.04921875