0 0.48203125 0.91796875 0.1625 0.16328125
0 0.371875 0.72890625 0.1109375 0.16484375
0 0.1546875 0.77578125 0.1234375 0.17734375
0 0.11875 0.603125 0.10703125 0.15703125
0 0.2484375 0.47109375 0.0890625 0.121875
0 0.28203125 0.40078125 0.06875 0.103125
0 0.14296875 0.38359375 0.07890625 0.109375
0 0.040625 0.3203125 0.08046875 0.153125
0 0.16171875 0.296875 0.084375 0.1375
0 0.23203125 0.246875 0.0578125 0.09296875
0 0.28203125 0.31796875 0.06328125 0.1109375
0 0.315625 0.265625 0.04921875 0.06796875
0 0.39296875 0.18046875 0.0390625 0.07109375
0 0.3765625 0.1421875 0.04140625 0.07109375
0 0.36328125 0.0765625 0.07734375 0.14375
0 0.45078125 0.08046875 0.07109375 0.1265625
0 0.5578125 0.2015625 0.05234375 0.096875
0 0.69765625 0.34765625 0.07734375 0.121875
0 0.94609375 0.58984375 0.1078125 0.1453125
0 0.92421875 0.43671875 0.0859375 0.1140625
0 0.696875 0.171875 0.0609375 0.125
0 0.6046875 0.15703125 0.04140625 0.06796875
0 0.6296875 0.11953125 0.03671875 0.06640625
0 0.7421875 0.13515625 0.05 0.146875
0 0.80703125 0.0640625 0.06796875 0.128125
0 0.70859375 0.0765625 0.03359375 0.04765625
0 0.53984375 0.09921875 0.0359375 0.04453125