0 0.45625 0.8984375 0.15 0.203125
0 0.15546875 0.76640625 0.11953125 0.18984375
0 0.10859375 0.5609375 0.10078125 0.134375
0 0.12734375 0.4578125 0.078125 0.121875
0 0.1421875 0.3796875 0.0796875 0.1078125
0 0.2625 0.40625 0.07734375 0.109375
0 0.28359375 0.48203125 0.0890625 0.109375
0 0.07890625 0.30546875 0.06328125 0.07734375
0 0.0203125 0.35625 0.03984375 0.1015625
0 0.14140625 0.2265625 0.07890625 0.1296875
0 0.22109375 0.25703125 0.06015625 0.08203125
0 0.28828125 0.28671875 0.059375 0.07734375
0 0.34140625 0.24140625 0.053125 0.07265625
0 0.25234375 0.20078125 0.0796875 0.1078125
0 0.36953125 0.19921875 0.0515625 0.07734375
0 0.34453125 0.1609375 0.05234375 0.06015625
0 0.41640625 0.16875 0.04140625 0.05390625
0 0.6203125 0.34375 0.06953125 0.1359375
0 0.76640625 0.28125 0.07890625 0.1515625
0 0.6453125 0.21328125 0.05 0.08046875
0 0.5890625 0.26171875 0.053125 0.08828125
0 0.553125 0.209375 0.04765625 0.08515625
0 0.66328125 0.15390625 0.03828125 0.06640625
0 0.59921875 0.14609375 0.0421875 0.06328125
0 0.70859375 0.1140625 0.034375 0.04921875
0 0.75703125 0.08203125 0.0609375 0.16015625
0 0.509375 0.11640625 0.0328125 0.04765625
0 0.8515625 0.0734375 0.0296875 0.04453125