0 0.2171875 0.47734375 0.0984375 0.125
0 0.065625 0.3640625 0.13125 0.4015625
0 0.25390625 0.4109375 0.0828125 0.109375
0 0.18515625 0.3390625 0.06875 0.09375
0 0.23515625 0.26171875 0.05625 0.08203125
0 0.2609375 0.22109375 0.05390625 0.07265625
0 0.265625 0.18046875 0.05 0.07734375
0 0.39765625 0.44453125 0.08671875 0.1265625
0 0.4390625 0.33359375 0.071875 0.1296875
0 0.3515625 0.2953125 0.06796875 0.08515625
0 0.4671875 0.2640625 0.05703125 0.08046875
0 0.35703125 0.240625 0.053125 0.08046875
0 0.35390625 0.196875 0.05546875 0.06640625
0 0.34609375 0.16796875 0.0484375 0.07421875
0 0.2140625 0.09296875 0.0484375 0.0984375
0 0.2875 0.10859375 0.03828125 0.06015625
0 0.15703125 0.07578125 0.03828125 0.04921875
0 0.740625 0.43203125 0.08515625 0.1140625
0 0.88828125 0.42265625 0.0859375 0.1140625
0 0.83359375 0.33515625 0.0734375 0.1046875
0 0.72109375 0.33515625 0.0640625 0.0953125
0 0.79296875 0.26484375 0.053125 0.07890625
0 0.86953125 0.2484375 0.05703125 0.08671875
0 0.8140625 0.2109375 0.0484375 0.07265625
0 0.76015625 0.2375 0.04609375 0.06484375
0 0.6625 0.240625 0.04921875 0.07109375
0 0.70078125 0.203125 0.04765625 0.06953125
0 0.73125 0.16953125 0.0453125 0.07109375
0 0.6421875 0.15625 0.04375 0.06015625
0 0.55390625 0.15078125 0.0421875 0.05703125
0 0.59453125 0.1359375 0.0375 0.04921875
0 0.6234375 0.11640625 0.034375 0.05078125
0 0.47109375 0.10859375 0.03984375 0.05078125