0 0.18203125 0.87890625 0.15625 0.21796875
0 0.3046875 0.6796875 0.109375 0.14375
0 0.30234375 0.55625 0.0984375 0.1125
0 0.27109375 0.43359375 0.08359375 0.1265625
0 0.275 0.35703125 0.0671875 0.08203125
0 0.11171875 0.503125 0.0890625 0.1328125
0 0.1328125 0.39296875 0.096875 0.17421875
0 0.175 0.3234375 0.06328125 0.08203125
0 0.3375 0.23515625 0.053125 0.06953125
0 0.30546875 0.18203125 0.04609375 0.08359375
0 0.29453125 0.09453125 0.08359375 0.153125
0 0.37578125 0.109375 0.0640625 0.1265625
0 0.45625 0.146875 0.03671875 0.05546875
0 0.5 0.11328125 0.03984375 0.05078125
0 0.53984375 0.07578125 0.03046875 0.05234375
0 0.8859375 0.540625 0.10703125 0.153125
0 0.72421875 0.39375 0.0765625 0.1171875
0 0.784375 0.3203125 0.0625 0.096875
0 0.64296875 0.25625 0.05703125 0.0953125
0 0.59296875 0.159375 0.03984375 0.05703125
0 0.6453125 0.115625 0.03984375 0.06171875
0 0.69296875 0.12890625 0.04609375 0.109375
0 0.753125 0.1046875 0.0578125 0.1234375
0 0.8015625 0.0609375 0.0296875 0.06015625