0 0.92421875 0.56484375 0.10703125 0.15703125
0 0.83125 0.365625 0.0734375 0.1078125
0 0.76171875 0.2859375 0.0578125 0.09375
0 0.653125 0.20703125 0.0453125 0.06484375
0 0.67265625 0.16171875 0.04375 0.05546875
0 0.74375 0.14765625 0.03984375 0.05703125
0 0.71875 0.10390625 0.03828125 0.05390625
0 0.79296875 0.04921875 0.0390625 0.08046875
0 0.1859375 0.75625 0.13515625 0.1421875
0 0.26484375 0.49609375 0.0796875 0.11875
0 0.14296875 0.3546875 0.0703125 0.1234375
0 0.11796875 0.18671875 0.090625 0.21015625
0 0.209375 0.23046875 0.0859375 0.16484375
0 0.28828125 0.29921875 0.0578125 0.07734375
0 0.32109375 0.2640625 0.05 0.06796875
0 0.31875 0.17734375 0.04453125 0.05546875
0 0.37734375 0.20546875 0.04921875 0.06171875
0 0.365625 0.1546875 0.040625 0.05234375
0 0.40078125 0.12734375 0.0359375 0.05078125