0 0.92109375 0.71875 0.15 0.2546875
0 0.85546875 0.51484375 0.1 0.140625
0 0.909375 0.41875 0.0796875 0.109375
0 0.7484375 0.4 0.084375 0.1078125
0 0.81328125 0.35 0.0734375 0.1015625
0 0.77421875 0.2859375 0.06953125 0.10625
0 0.67421875 0.3265625 0.0734375 0.096875
0 0.665625 0.48984375 0.096875 0.13125
0 0.59140625 0.4125 0.07890625 0.096875
0 0.53671875 0.31875 0.065625 0.08828125
0 0.57890625 0.3515625 0.06875 0.0984375
0 0.64453125 0.26953125 0.06015625 0.09140625
0 0.74140625 0.15234375 0.06328125 0.121875
0 0.63671875 0.19453125 0.04921875 0.06484375
0 0.6765625 0.09765625 0.03828125 0.05703125
0 0.2109375 0.2578125 0.05703125 0.07421875
0 0.32421875 0.2375 0.06015625 0.05859375
0 0.27890625 0.2078125 0.04921875 0.06328125
0 0.375 0.19453125 0.05234375 0.06796875
0 0.2609375 0.1671875 0.05 0.06328125
0 0.33046875 0.16875 0.04453125 0.06015625
0 0.3140625 0.13984375 0.03828125 0.05078125
0 0.39296875 0.11015625 0.03828125 0.05390625