0 0.13828125 0.71015625 0.1359375 0.17890625
0 0.121875 0.5484375 0.0890625 0.140625
0 0.12265625 0.29765625 0.16328125 0.33046875
0 0.29375 0.3890625 0.075 0.1078125
0 0.225 0.2875 0.065625 0.09140625
0 0.31484375 0.3390625 0.07109375 0.09140625
0 0.45078125 0.35078125 0.071875 0.1125
0 0.4609375 0.27890625 0.059375 0.09375
0 0.45625 0.2171875 0.05625 0.07265625
0 0.36875 0.2484375 0.0578125 0.07421875
0 0.2453125 0.22734375 0.05 0.07265625
0 0.26328125 0.190625 0.05 0.07265625
0 0.3546875 0.2 0.04921875 0.06953125
0 0.31875 0.140625 0.0375 0.07109375
0 0.72578125 0.53984375 0.10078125 0.1328125
0 0.90703125 0.5171875 0.090625 0.1265625
0 0.8578125 0.39453125 0.071875 0.096875
0 0.73125 0.40859375 0.08046875 0.1234375
0 0.775 0.34921875 0.065625 0.09375
0 0.8296875 0.309375 0.06328125 0.08203125
0 0.6921875 0.29375 0.059375 0.08828125
0 0.74296875 0.2328125 0.05 0.07109375
0 0.91328125 0.284375 0.06171875 0.08203125
0 0.85703125 0.240625 0.05625 0.07109375
0 0.7734375 0.19296875 0.046875 0.07421875
0 0.68671875 0.18125 0.0484375 0.07265625
0 0.6046875 0.18046875 0.0484375 0.06484375
0 0.6390625 0.15625 0.040625 0.06171875
0 0.66875 0.1328125 0.0375 0.05234375