0 0.6328125 0.71875 0.121875 0.17421875
0 0.8296875 0.91875 0.1484375 0.16171875
0 0.87421875 0.80234375 0.1265625 0.18203125
0 0.93671875 0.6484375 0.10625 0.1390625
0 0.88828125 0.58046875 0.096875 0.1359375
0 0.86484375 0.42734375 0.071875 0.1171875
0 0.93671875 0.32109375 0.06328125 0.0953125
0 0.82890625 0.33125 0.059375 0.09375
0 0.73359375 0.396875 0.07265625 0.1015625
0 0.796875 0.28125 0.05234375 0.08046875
0 0.69296875 0.271875 0.05703125 0.08046875
0 0.6640625 0.23046875 0.046875 0.06640625
0 0.8484375 0.23046875 0.0515625 0.07265625
0 0.79453125 0.20234375 0.040625 0.06171875
0 0.72578125 0.13828125 0.065625 0.103125
0 0.64921875 0.1609375 0.046875 0.07265625
0 0.628125 0.11484375 0.05390625 0.096875
0 0.58828125 0.165625 0.040625 0.05703125
0 0.18203125 0.50703125 0.0953125 0.140625
0 0.07109375 0.37734375 0.13125 0.2640625
0 0.38515625 0.40859375 0.07890625 0.1359375
0 0.30625 0.35078125 0.06953125 0.09375
0 0.44765625 0.35390625 0.0703125 0.10625
0 0.46953125 0.26484375 0.05390625 0.07578125
0 0.35 0.25859375 0.0515625 0.08203125
0 0.26484375 0.14375 0.0765625 0.21875
0 0.35859375 0.1921875 0.05 0.06328125
0 0.41640625 0.15234375 0.0375 0.06953125
0 0.378125 0.121875 0.03125 0.06484375
0 0.3171875 0.121875 0.0375 0.06171875
0 0.196875 0.096875 0.03203125 0.04921875