0 0.315625 0.60859375 0.1078125 0.115625
0 0.23125 0.94296875 0.15 0.1140625
0 0.86875 0.51640625 0.1109375 0.16796875
0 0.278125 0.50859375 0.078125 0.121875
0 0.11484375 0.6875 0.10703125 0.15
0 0.1234375 0.55 0.09140625 0.13125
0 0.11953125 0.446875 0.0859375 0.11875
0 0.0359375 0.35859375 0.06875 0.08828125
0 0.09609375 0.25078125 0.0859375 0.134375
0 0.1875 0.30234375 0.06796875 0.08984375
0 0.20859375 0.2328125 0.0859375 0.1296875
0 0.26171875 0.3453125 0.06015625 0.0984375
0 0.31015625 0.2921875 0.05703125 0.07578125
0 0.3296875 0.240625 0.0515625 0.08046875
0 0.37265625 0.20546875 0.04921875 0.06484375
0 0.3 0.196875 0.04765625 0.06015625
0 0.525 0.05546875 0.06953125 0.1109375
0 0.46171875 0.13828125 0.03828125 0.05703125
0 0.4328125 0.0609375 0.07734375 0.121875
0 0.45234375 0.1015625 0.03046875 0.06171875
0 0.56640625 0.27421875 0.06328125 0.115625
0 0.728125 0.22578125 0.0671875 0.140625
0 0.5859375 0.2125 0.04375 0.07265625
0 0.653125 0.1734375 0.0515625 0.07890625
0 0.5796875 0.16796875 0.040625 0.06796875
0 0.63984375 0.1171875 0.0390625 0.05546875
0 0.68984375 0.12109375 0.0328125 0.06015625
0 0.7765625 0.07109375 0.06171875 0.1390625
0 0.821875 0.08046875 0.03671875 0.04609375