0 0.89921875 0.46484375 0.0921875 0.1515625
0 0.66640625 0.7140625 0.125 0.146875
0 0.778125 0.40078125 0.06796875 0.09375
0 0.7140625 0.36171875 0.0625 0.09375
0 0.84375 0.29765625 0.0921875 0.21875
0 0.9390625 0.23359375 0.10625 0.2640625
0 0.75078125 0.234375 0.04921875 0.06484375
0 0.684375 0.27890625 0.05625 0.07265625
0 0.65078125 0.23359375 0.05 0.06640625
0 0.70390625 0.20390625 0.04453125 0.05859375
0 0.671875 0.175 0.04140625 0.05078125
0 0.27578125 0.3875 0.071875 0.1046875
0 0.2609375 0.271875 0.06015625 0.08359375
0 0.2671875 0.215625 0.05 0.06328125
0 0.3171875 0.15078125 0.0421875 0.05703125
0 0.290625 0.11640625 0.03984375 0.05390625
0 0.21796875 0.1078125 0.03828125 0.05234375
0 0.21640625 0.0671875 0.04375 0.06015625
0 0.14296875 0.0328125 0.0328125 0.06328125
0 0.56171875 0.11640625 0.0328125 0.05390625
0 0.4828125 0.09140625 0.03203125 0.03984375