0 0.80703125 0.27890625 0.06171875 0.08515625
0 0.74296875 0.2265625 0.04765625 0.06171875
0 0.6921875 0.2609375 0.06484375 0.07421875
0 0.64375 0.2109375 0.0515625 0.07890625
0 0.6890625 0.18125 0.0390625 0.06953125
0 0.76015625 0.1765625 0.05390625 0.06640625
0 0.609375 0.184375 0.04375 0.05703125
0 0.5484375 0.14765625 0.03671875 0.05390625
0 0.62890625 0.11640625 0.03359375 0.05390625
0 0.19296875 0.61171875 0.11796875 0.21171875
0 0.2046875 0.4578125 0.0890625 0.13125
0 0.1328125 0.3859375 0.0765625 0.1078125
0 0.28359375 0.36328125 0.075 0.10625
0 0.21015625 0.321875 0.0671875 0.1
0 0.240625 0.26640625 0.059375 0.103125
0 0.38203125 0.4328125 0.0828125 0.121875
0 0.42890625 0.36875 0.08125 0.08984375
0 0.340625 0.3 0.071875 0.08203125
0 0.3625 0.25390625 0.06328125 0.08515625
0 0.46875 0.29140625 0.0625 0.08359375
0 0.35234375 0.18046875 0.046875 0.07109375
0 0.2546875 0.1359375 0.05703125 0.1109375
0 0.3375 0.15625 0.04765625 0.05546875
0 0.21640625 0.115625 0.03203125 0.05546875
0 0.3015625 0.08671875 0.0421875 0.04921875