0 0.5625 0.84375 0.13046875 0.18828125
0 0.8421875 0.91484375 0.14765625 0.16953125
0 0.9421875 0.7234375 0.115625 0.1546875
0 0.88203125 0.65 0.10390625 0.1328125
0 0.73046875 0.44375 0.0875 0.103125
0 0.87109375 0.46484375 0.07890625 0.1140625
0 0.8421875 0.36171875 0.06328125 0.09375
0 0.94921875 0.346875 0.0671875 0.0984375
0 0.8703125 0.2515625 0.04921875 0.06484375
0 0.8125 0.3046875 0.05234375 0.08515625
0 0.7765625 0.25859375 0.05546875 0.07578125
0 0.81328125 0.2171875 0.05234375 0.06328125
0 0.7046875 0.29140625 0.06015625 0.07421875
0 0.67890625 0.2515625 0.053125 0.07421875
0 0.7453125 0.15625 0.0703125 0.1140625
0 0.66953125 0.17421875 0.0515625 0.07734375
0 0.6125 0.1828125 0.04609375 0.06015625
0 0.6453125 0.13125 0.0671875 0.09296875
0 0.25390625 0.45078125 0.0875 0.1265625
0 0.1171875 0.3375 0.1234375 0.2640625
0 0.32890625 0.325 0.0671875 0.096875
0 0.4171875 0.3625 0.0734375 0.1171875
0 0.46171875 0.31328125 0.07265625 0.08984375
0 0.46640625 0.24453125 0.05390625 0.06953125
0 0.353125 0.23671875 0.04375 0.07578125
0 0.2671875 0.13515625 0.0671875 0.20859375
0 0.35078125 0.1703125 0.04609375 0.05703125
0 0.396875 0.1375 0.03984375 0.06484375