0 0.26640625 0.3484375 0.0734375 0.09296875
0 0.13828125 0.35546875 0.07890625 0.096875
0 0.1984375 0.2859375 0.0609375 0.08203125
0 0.17421875 0.21796875 0.05234375 0.07734375
0 0.22734375 0.18515625 0.04921875 0.07109375
0 0.24765625 0.2265625 0.0515625 0.06796875
0 0.27890625 0.20859375 0.046875 0.05546875
0 0.30390625 0.28125 0.05546875 0.09140625
0 0.32890625 0.23828125 0.0484375 0.07890625
0 0.3765625 0.2 0.0484375 0.07890625
0 0.33515625 0.1765625 0.04140625 0.06015625
0 0.30703125 0.14765625 0.04453125 0.06015625
0 0.40234375 0.13046875 0.0359375 0.05390625
0 0.50078125 0.11796875 0.0375 0.04453125
0 0.7125 0.5609375 0.1 0.15859375
0 0.925 0.5953125 0.11796875 0.1453125
0 0.846875 0.5046875 0.09921875 0.1328125
0 0.88203125 0.39609375 0.08125 0.109375
0 0.6859375 0.35 0.06875 0.0984375
0 0.6078125 0.4109375 0.0828125 0.153125
0 0.7921875 0.30703125 0.06484375 0.09296875
0 0.65703125 0.28203125 0.05625 0.08984375
0 0.54765625 0.3171875 0.0640625 0.09375
0 0.75234375 0.25625 0.059375 0.08359375
0 0.73671875 0.2125 0.05390625 0.08828125
0 0.6421875 0.23203125 0.053125 0.07578125
0 0.765625 0.1109375 0.05390625 0.1046875
0 0.6828125 0.1359375 0.0390625 0.05859375
0 0.81796875 0.090625 0.0328125 0.04765625