0 0.8171875 0.865625 0.1375 0.19140625
0 0.89375 0.6140625 0.103125 0.1515625
0 0.70625 0.5421875 0.103125 0.13125
0 0.73671875 0.44921875 0.08125 0.1171875
0 0.87734375 0.5046875 0.084375 0.1234375
0 0.871875 0.4109375 0.08125 0.115625
0 0.94453125 0.334375 0.0625 0.08828125
0 0.88359375 0.2375 0.08046875 0.1390625
0 0.796875 0.28359375 0.05390625 0.08359375
0 0.72578125 0.31484375 0.06171875 0.08359375
0 0.675 0.2703125 0.053125 0.08359375
0 0.65078125 0.21875 0.0484375 0.07421875
0 0.60859375 0.190625 0.0390625 0.06015625
0 0.68046875 0.175 0.053125 0.06015625
0 0.7671875 0.215625 0.07578125 0.1125
0 0.4109375 0.30625 0.06796875 0.115625
0 0.04375 0.5875 0.08671875 0.17421875
0 0.2578125 0.25390625 0.065625 0.146875
0 0.35 0.19296875 0.046875 0.05859375
0 0.434375 0.1921875 0.04140625 0.07265625
0 0.41484375 0.2390625 0.046875 0.08046875
0 0.38046875 0.1265625 0.03828125 0.06171875
0 0.32578125 0.1375 0.03125 0.05234375
0 0.2328125 0.07578125 0.06328125 0.1421875