0 0.08671875 0.57421875 0.09921875 0.17890625
0 0.1703125 0.48671875 0.0859375 0.1125
0 0.28203125 0.44375 0.084375 0.109375
0 0.284375 0.33984375 0.06875 0.08984375
0 0.13203125 0.36484375 0.13046875 0.2390625
0 0.21171875 0.2765625 0.0484375 0.0984375
0 0.3078125 0.2890625 0.0609375 0.08203125
0 0.2515625 0.2421875 0.04609375 0.07109375
0 0.2765625 0.209375 0.04765625 0.06328125
0 0.0375 0.2734375 0.075 0.28359375
0 0.378125 0.14609375 0.04375 0.06328125
0 0.47890625 0.9328125 0.14921875 0.134375
0 0.66328125 0.30546875 0.065625 0.1109375
0 0.909375 0.4421875 0.09375 0.11875
0 0.70859375 0.21875 0.05390625 0.07265625
0 0.73203125 0.1890625 0.0390625 0.06953125
0 0.7171875 0.115625 0.0359375 0.05546875
0 0.7453125 0.08984375 0.034375 0.04609375
0 0.815625 0.084375 0.0375 0.05390625
0 0.8328125 0.04765625 0.034375 0.04296875
0 0.39296875 0.10625 0.0375 0.04609375