0 0.25234375 0.88203125 0.14765625 0.18046875
0 0.278125 0.55390625 0.09296875 0.1265625
0 0.1265625 0.38515625 0.075 0.146875
0 0.190625 0.246875 0.09453125 0.20390625
0 0.10078125 0.20234375 0.1 0.2375
0 0.26640625 0.325 0.0625 0.08515625
0 0.3046875 0.28828125 0.0609375 0.08359375
0 0.35546875 0.22265625 0.053125 0.06953125
0 0.29453125 0.19375 0.046875 0.06015625
0 0.34140625 0.1671875 0.0421875 0.06015625
0 0.38984375 0.1890625 0.0421875 0.05078125
0 0.378125 0.14296875 0.0390625 0.05078125
0 0.49296875 0.09375 0.03125 0.05234375
0 0.8375 0.49609375 0.096875 0.15
0 0.79453125 0.32890625 0.06796875 0.09296875
0 0.74921875 0.26484375 0.053125 0.08515625
0 0.659375 0.18515625 0.04453125 0.06796875
0 0.68125 0.14609375 0.03984375 0.05390625
0 0.75546875 0.13359375 0.04375 0.05703125
0 0.73984375 0.09140625 0.03984375 0.05546875
0 0.81171875 0.04296875 0.03828125 0.06796875
0 0.72578125 0.03125 0.0296875 0.03984375