0 0.58125 0.8640625 0.13515625 0.17890625
0 0.8546875 0.66875 0.109375 0.14375
0 0.74140625 0.44609375 0.0796875 0.1109375
0 0.83828125 0.31796875 0.06796875 0.1265625
0 0.8578125 0.171875 0.09375 0.20546875
0 0.77109375 0.21171875 0.0890625 0.16953125
0 0.6921875 0.27578125 0.0578125 0.07265625
0 0.66484375 0.2359375 0.053125 0.06796875
0 0.65859375 0.16015625 0.0421875 0.06484375
0 0.59921875 0.1875 0.04375 0.05390625
0 0.60859375 0.1421875 0.03828125 0.05234375
0 0.56015625 0.15625 0.04375 0.05234375
0 0.44921875 0.07421875 0.0359375 0.05234375
0 0.5671875 0.11875 0.0453125 0.05546875
0 0.35078125 0.2328125 0.0484375 0.06796875
0 0.21796875 0.3203125 0.06484375 0.096875
0 0.11484375 0.4078125 0.08125 0.109375
0 0.2625 0.165625 0.0421875 0.06015625
0 0.3375 0.1796875 0.0453125 0.05703125
0 0.3 0.11875 0.0390625 0.07109375
0 0.228125 0.0546875 0.03671875 0.08828125
0 0.35625 0.0484375 0.03203125 0.04140625
0 0.784375 0.853125 0.2015625 0.29296875