0 0.51328125 0.93203125 0.16640625 0.1359375
0 0.3546875 0.7359375 0.10625 0.1515625
0 0.1703125 0.75703125 0.1734375 0.31015625
0 0.12265625 0.590625 0.0984375 0.128125
0 0.259375 0.40625 0.071875 0.10625
0 0.18046875 0.2984375 0.06171875 0.121875
0 0.1609375 0.15625 0.09296875 0.20390625
0 0.2484375 0.19296875 0.084375 0.17578125
0 0.32734375 0.246875 0.053125 0.07109375
0 0.353125 0.21328125 0.05 0.06484375
0 0.36953125 0.14609375 0.0390625 0.05390625
0 0.94921875 0.4609375 0.09140625 0.128125
0 0.8109375 0.346875 0.0671875 0.0984375
0 0.73203125 0.17890625 0.04609375 0.06796875
0 0.653125 0.26171875 0.0578125 0.07890625
0 0.653125 0.1984375 0.0453125 0.06328125
0 0.68515625 0.1328125 0.03984375 0.06796875
0 0.7546875 0.06171875 0.0375 0.08671875
0 0.82890625 0.05390625 0.05 0.0953125
0 0.71953125 0.0734375 0.0390625 0.05703125
0 0.7828125 0.0515625 0.03046875 0.05078125