0 0.265625 0.47890625 0.0921875 0.1125
0 0.0984375 0.4671875 0.090625 0.115625
0 0.153125 0.36328125 0.06953125 0.09375
0 0.271875 0.3703125 0.07578125 0.1015625
0 0.25390625 0.3171875 0.06328125 0.06953125
0 0.18828125 0.2859375 0.05703125 0.07578125
0 0.2234375 0.25625 0.04765625 0.06796875
0 0.31875 0.26640625 0.0546875 0.07890625
0 0.278125 0.215625 0.04375 0.06953125
0 0.246875 0.18046875 0.046875 0.06796875
0 0.16640625 0.22109375 0.053125 0.07265625
0 0.109375 0.26953125 0.05546875 0.07578125
0 0.33515625 0.16953125 0.0421875 0.05546875
0 0.384375 0.14375 0.03984375 0.05859375
0 0.9578125 0.621875 0.084375 0.15703125
0 0.7390625 0.4265625 0.0796875 0.109375
0 0.915625 0.32890625 0.16875 0.3640625
0 0.79375 0.31484375 0.06171875 0.08984375
0 0.759375 0.24296875 0.04921875 0.07578125
0 0.71015625 0.36796875 0.0796875 0.103125
0 0.57109375 0.39296875 0.07734375 0.11875
0 0.5484375 0.29921875 0.05703125 0.1109375
0 0.6375 0.26796875 0.0609375 0.09140625
0 0.76015625 0.24609375 0.053125 0.07578125
0 0.64296875 0.21796875 0.0515625 0.08046875
0 0.53671875 0.23671875 0.05390625 0.07890625
0 0.7390625 0.20859375 0.05 0.07109375
0 0.7953125 0.08203125 0.0515625 0.1046875
0 0.7328125 0.09609375 0.03359375 0.05703125