0 0.45703125 0.89375 0.1640625 0.2125
0 0.30546875 0.5453125 0.0953125 0.134375
0 0.11640625 0.7125 0.109375 0.14375
0 0.10078125 0.6296875 0.0890625 0.1453125
0 0.08515625 0.52734375 0.0859375 0.134375
0 0.11640625 0.471875 0.08359375 0.1140625
0 0.1578125 0.36328125 0.0703125 0.1
0 0.28125 0.3234375 0.0625 0.09375
0 0.03203125 0.3609375 0.0640625 0.0953125
0 0.0984375 0.28203125 0.0578125 0.08359375
0 0.2015625 0.28359375 0.05234375 0.08046875
0 0.2390625 0.24140625 0.04453125 0.07265625
0 0.33984375 0.2265625 0.04921875 0.07109375
0 0.27890625 0.20390625 0.04765625 0.06796875
0 0.2 0.203125 0.04765625 0.06640625
0 0.3171875 0.1234375 0.0640625 0.09296875
0 0.375 0.19453125 0.0484375 0.05859375
0 0.39921875 0.1390625 0.0453125 0.05859375
0 0.7359375 0.528125 0.10859375 0.15703125
0 0.7546875 0.42265625 0.08515625 0.1046875
0 0.61875 0.44921875 0.0875 0.1296875
0 0.66953125 0.303125 0.0578125 0.09140625
0 0.53984375 0.32578125 0.0671875 0.08984375
0 0.63203125 0.22109375 0.04453125 0.06328125
0 0.55703125 0.1921875 0.0453125 0.06328125
0 0.74375 0.175 0.0921875 0.2359375
0 0.659375 0.15 0.04375 0.05546875
0 0.5875 0.1515625 0.040625 0.06796875
0 0.64921875 0.1953125 0.03828125 0.05703125