0 0.1828125 0.865625 0.1375 0.19140625
0 0.10625 0.6140625 0.103125 0.1515625
0 0.29375 0.5421875 0.103125 0.13125
0 0.26328125 0.44921875 0.08125 0.1171875
0 0.12265625 0.5046875 0.084375 0.1234375
0 0.128125 0.4109375 0.08125 0.115625
0 0.05546875 0.334375 0.0625 0.08828125
0 0.11640625 0.2375 0.08046875 0.1390625
0 0.203125 0.28359375 0.05390625 0.08359375
0 0.27421875 0.31484375 0.06171875 0.08359375
0 0.325 0.2703125 0.053125 0.08359375
0 0.34921875 0.21875 0.0484375 0.07421875
0 0.39140625 0.190625 0.0390625 0.06015625
0 0.31953125 0.175 0.053125 0.06015625
0 0.2328125 0.215625 0.07578125 0.1125
0 0.5890625 0.30625 0.06796875 0.115625
0 0.95625 0.5875 0.08671875 0.17421875
0 0.7421875 0.25390625 0.065625 0.146875
0 0.65 0.19296875 0.046875 0.05859375
0 0.565625 0.1921875 0.04140625 0.07265625
0 0.58515625 0.2390625 0.046875 0.08046875
0 0.61953125 0.1265625 0.03828125 0.06171875
0 0.67421875 0.1375 0.03125 0.05234375
0 0.7671875 0.07578125 0.06328125 0.1421875