0 0.31875 0.70390625 0.12734375 0.16953125
0 0.09765625 0.65078125 0.1140625 0.146875
0 0.278125 0.509375 0.08828125 0.1484375
0 0.11796875 0.46875 0.078125 0.115625
0 0.16953125 0.42109375 0.071875 0.1046875
0 0.2890625 0.3515625 0.06796875 0.0984375
0 0.13828125 0.3703125 0.07109375 0.0953125
0 0.16640625 0.32890625 0.06484375 0.08671875
0 0.04765625 0.328125 0.06796875 0.096875
0 0.10390625 0.27578125 0.0609375 0.08203125
0 0.2234375 0.2703125 0.0546875 0.08046875
0 0.18046875 0.21875 0.0546875 0.07890625
0 0.27421875 0.20859375 0.05 0.06796875
0 0.35078125 0.2203125 0.04765625 0.07109375
0 0.3203125 0.18359375 0.046875 0.07109375
0 0.28984375 0.15546875 0.0390625 0.05703125
0 0.36328125 0.15234375 0.04609375 0.06328125
0 0.6765625 0.52265625 0.1 0.134375
0 0.76484375 0.44296875 0.071875 0.1171875
0 0.80703125 0.24609375 0.1234375 0.29140625
0 0.6578125 0.321875 0.06953125 0.08828125
0 0.53203125 0.28828125 0.06328125 0.0953125
0 0.5421875 0.2203125 0.0515625 0.1046875
0 0.5671875 0.17421875 0.040625 0.08046875
0 0.628125 0.21015625 0.04921875 0.07421875
0 0.740625 0.25390625 0.03046875 0.07265625
0 0.6578125 0.1703125 0.04375 0.06953125
0 0.6546875 0.26640625 0.06953125 0.06640625