0 0.7328125 0.66171875 0.1140625 0.1546875
0 0.68515625 0.17734375 0.0546875 0.05859375
0 0.6296875 0.1171875 0.04453125 0.05546875
0 0.56875 0.14921875 0.04375 0.06328125
0 0.5046875 0.11953125 0.03984375 0.05390625
0 0.60859375 0.13984375 0.0359375 0.05078125
0 0.059375 0.78515625 0.11796875 0.18515625
0 0.0515625 0.434375 0.09375 0.134375
0 0.13359375 0.53046875 0.1078125 0.14375
0 0.2 0.6171875 0.1078125 0.1484375
0 0.325 0.52578125 0.09609375 0.121875
0 0.27578125 0.43828125 0.0859375 0.1265625
0 0.24296875 0.22890625 0.078125 0.14375
0 0.340625 0.3078125 0.06015625 0.08203125
0 0.36796875 0.278125 0.0625 0.07109375
0 0.42890625 0.1703125 0.04609375 0.06640625
0 0.33984375 0.15859375 0.04609375 0.06484375
0 0.28203125 0.10703125 0.0359375 0.06328125
0 0.32265625 0.12734375 0.03984375 0.07578125
0 0.2078125 0.1078125 0.0453125 0.05546875
0 0.253125 0.084375 0.0375 0.05390625
0 0.16796875 0.07578125 0.0359375 0.04609375