0 0.73359375 0.3484375 0.0734375 0.09296875
0 0.86171875 0.35546875 0.07890625 0.096875
0 0.8015625 0.2859375 0.0609375 0.08203125
0 0.82578125 0.21796875 0.05234375 0.07734375
0 0.77265625 0.18515625 0.04921875 0.07109375
0 0.75234375 0.2265625 0.0515625 0.06796875
0 0.72109375 0.20859375 0.046875 0.05546875
0 0.69609375 0.28125 0.05546875 0.09140625
0 0.67109375 0.23828125 0.0484375 0.07890625
0 0.6234375 0.2 0.0484375 0.07890625
0 0.66484375 0.1765625 0.04140625 0.06015625
0 0.69296875 0.14765625 0.04453125 0.06015625
0 0.59765625 0.13046875 0.0359375 0.05390625
0 0.49921875 0.11796875 0.0375 0.04453125
0 0.2875 0.5609375 0.1 0.15859375
0 0.075 0.5953125 0.11796875 0.1453125
0 0.153125 0.5046875 0.09921875 0.1328125
0 0.11796875 0.39609375 0.08125 0.109375
0 0.3140625 0.35 0.06875 0.0984375
0 0.3921875 0.4109375 0.0828125 0.153125
0 0.2078125 0.30703125 0.06484375 0.09296875
0 0.34296875 0.28203125 0.05625 0.08984375
0 0.45234375 0.3171875 0.0640625 0.09375
0 0.24765625 0.25625 0.059375 0.08359375
0 0.26328125 0.2125 0.05390625 0.08828125
0 0.3578125 0.23203125 0.053125 0.07578125
0 0.234375 0.1109375 0.05390625 0.1046875
0 0.3171875 0.1359375 0.0390625 0.05859375
0 0.18203125 0.090625 0.0328125 0.04765625