0 0.95546875 0.4609375 0.0890625 0.146875
0 0.7078125 0.36328125 0.07265625 0.103125
0 0.653125 0.27890625 0.06171875 0.08203125
0 0.7359375 0.2421875 0.059375 0.08046875
0 0.65 0.18515625 0.05 0.07734375
0 0.6515625 0.103125 0.04453125 0.07734375
0 0.71328125 0.09375 0.04609375 0.1015625
0 0.78359375 0.06796875 0.053125 0.1234375
0 0.43828125 0.8578125 0.14140625 0.17890625
0 0.325 0.6171875 0.1109375 0.16640625
0 0.28046875 0.49921875 0.0796875 0.10625
0 0.134375 0.5265625 0.1296875 0.21640625
0 0.11875 0.69375 0.1171875 0.16171875
0 0.24375 0.22890625 0.04921875 0.096875
0 0.2890625 0.303125 0.059375 0.08828125
0 0.31015625 0.14765625 0.078125 0.153125
0 0.22734375 0.1265625 0.0890625 0.18203125
0 0.3921875 0.18984375 0.04453125 0.06484375
0 0.4203125 0.159375 0.04609375 0.06015625
0 0.45078125 0.1078125 0.03671875 0.05859375
0 0.5046875 0.1171875 0.03828125 0.04921875
0 0.55 0.0953125 0.0359375 0.04921875