0 0.3265625 0.65078125 0.109375 0.15859375
0 0.12734375 0.6125 0.10078125 0.1484375
0 0.20859375 0.9453125 0.1515625 0.109375
0 0.1203125 0.465625 0.071875 0.10625
0 0.275 0.39453125 0.07265625 0.08828125
0 0.278125 0.32734375 0.0625 0.07109375
0 0.1703125 0.31875 0.0625 0.09140625
0 0.1453125 0.3859375 0.07109375 0.09296875
0 0.0609375 0.3109375 0.06015625 0.08203125
0 0.12109375 0.26953125 0.053125 0.06640625
0 0.1859375 0.19140625 0.07734375 0.1140625
0 0.26015625 0.221875 0.05 0.07734375
0 0.32265625 0.240625 0.05234375 0.07421875
0 0.3796875 0.20234375 0.04453125 0.06171875
0 0.2921875 0.171875 0.07265625 0.103125
0 0.4125 0.1671875 0.04375 0.06953125
0 0.715625 0.42265625 0.09609375 0.15703125
0 0.8296875 0.33203125 0.0953125 0.20703125
0 0.78203125 0.25390625 0.08671875 0.20234375
0 0.64921875 0.2515625 0.06328125 0.07421875
0 0.62578125 0.3171875 0.06484375 0.103125
0 0.54609375 0.26015625 0.05703125 0.08828125
0 0.56640625 0.17734375 0.04453125 0.06796875
0 0.64453125 0.178125 0.0421875 0.06015625
0 0.74453125 0.10390625 0.06484375 0.18359375
0 0.68515625 0.134375 0.03984375 0.05546875
0 0.825 0.09140625 0.03984375 0.05234375