0 0.22890625 0.2421875 0.059375 0.07421875
0 0.3453125 0.2203125 0.0546875 0.07421875
0 0.3 0.19453125 0.046875 0.06171875
0 0.28359375 0.15625 0.04765625 0.06171875
0 0.39609375 0.1765625 0.04609375 0.06953125
0 0.35546875 0.15703125 0.04453125 0.05546875
0 0.33515625 0.13203125 0.0421875 0.06015625
0 0.728125 0.55546875 0.1078125 0.1484375
0 0.93671875 0.57421875 0.10625 0.1484375
0 0.95625 0.44765625 0.0875 0.1109375
0 0.78984375 0.44296875 0.0890625 0.1140625
0 0.84140625 0.37265625 0.07109375 0.1
0 0.79609375 0.31015625 0.06796875 0.1046875
0 0.69609375 0.35703125 0.071875 0.103125
0 0.625 0.46640625 0.090625 0.1078125
0 0.5984375 0.38671875 0.06171875 0.09375
0 0.54453125 0.34921875 0.06796875 0.096875
0 0.65078125 0.3 0.065625 0.09375
0 0.63359375 0.21484375 0.046875 0.06796875
0 0.73828125 0.16484375 0.0578125 0.1234375
0 0.65078125 0.11171875 0.03828125 0.05078125
0 0.84609375 0.075 0.0390625 0.04765625
0 0.7828125 0.11015625 0.03671875 0.05078125