0 0.05078125 0.82265625 0.1015625 0.17890625
0 0.1359375 0.73046875 0.11171875 0.146875
0 0.2765625 0.5015625 0.090625 0.1265625
0 0.1234375 0.509375 0.0828125 0.1265625
0 0.14140625 0.39296875 0.06953125 0.096875
0 0.03203125 0.37265625 0.0640625 0.1
0 0.10390625 0.2671875 0.05390625 0.07109375
0 0.2859375 0.3234375 0.0609375 0.07890625
0 0.303125 0.275 0.0484375 0.07109375
0 0.20234375 0.27578125 0.0546875 0.08203125
0 0.171875 0.32734375 0.05546875 0.09296875
0 0.165625 0.23203125 0.04921875 0.06015625
0 0.2296875 0.16640625 0.071875 0.1109375
0 0.30546875 0.18828125 0.05 0.08046875
0 0.3640625 0.1984375 0.05234375 0.06328125
0 0.33203125 0.1390625 0.06015625 0.0953125
0 0.41875 0.1640625 0.0390625 0.05703125
0 0.88046875 0.5375 0.115625 0.19609375
0 0.940625 0.40859375 0.109375 0.21640625
0 0.8390625 0.3 0.1171875 0.2328125
0 0.68671875 0.396875 0.08046875 0.1203125
0 0.66015625 0.29609375 0.0578125 0.08671875
0 0.559375 0.32109375 0.059375 0.1078125
0 0.53125 0.27890625 0.05 0.07578125
0 0.5421875 0.2140625 0.0453125 0.06640625
0 0.6421875 0.21484375 0.04453125 0.06484375
0 0.73046875 0.12109375 0.0671875 0.19609375
0 0.659375 0.159375 0.0375 0.05078125
0 0.61875 0.12265625 0.03671875 0.06328125
0 0.7953125 0.10234375 0.0390625 0.04765625
0 0.828125 0.07578125 0.0328125 0.04921875
0 0.65703125 0.09375 0.028125 0.04921875
0 0.68046875 0.13359375 0.0296875 0.05078125