0 0.7828125 0.47734375 0.0984375 0.125
0 0.934375 0.3640625 0.13125 0.4015625
0 0.74609375 0.4109375 0.0828125 0.109375
0 0.81484375 0.3390625 0.06875 0.09375
0 0.76484375 0.26171875 0.05625 0.08203125
0 0.7390625 0.22109375 0.05390625 0.07265625
0 0.734375 0.18046875 0.05 0.07734375
0 0.60234375 0.44453125 0.08671875 0.1265625
0 0.5609375 0.33359375 0.071875 0.1296875
0 0.6484375 0.2953125 0.06796875 0.08515625
0 0.5328125 0.2640625 0.05703125 0.08046875
0 0.64296875 0.240625 0.053125 0.08046875
0 0.64609375 0.196875 0.05546875 0.06640625
0 0.65390625 0.16796875 0.0484375 0.07421875
0 0.7859375 0.09296875 0.0484375 0.0984375
0 0.7125 0.10859375 0.03828125 0.06015625
0 0.84296875 0.07578125 0.03828125 0.04921875
0 0.259375 0.43203125 0.08515625 0.1140625
0 0.11171875 0.42265625 0.0859375 0.1140625
0 0.16640625 0.33515625 0.0734375 0.1046875
0 0.27890625 0.33515625 0.0640625 0.0953125
0 0.20703125 0.26484375 0.053125 0.07890625
0 0.13046875 0.2484375 0.05703125 0.08671875
0 0.1859375 0.2109375 0.0484375 0.07265625
0 0.23984375 0.2375 0.04609375 0.06484375
0 0.3375 0.240625 0.04921875 0.07109375
0 0.29921875 0.203125 0.04765625 0.06953125
0 0.26875 0.16953125 0.0453125 0.07109375
0 0.3578125 0.15625 0.04375 0.06015625
0 0.44609375 0.15078125 0.0421875 0.05703125
0 0.40546875 0.1359375 0.0375 0.04921875
0 0.3765625 0.11640625 0.034375 0.05078125
0 0.52890625 0.10859375 0.03984375 0.05078125