0 0.93046875 0.76796875 0.134375 0.19296875
0 0.96640625 0.471875 0.0671875 0.1265625
0 0.7171875 0.52734375 0.1 0.17734375
0 0.7515625 0.41640625 0.08046875 0.1140625
0 0.83515625 0.35546875 0.08046875 0.10625
0 0.7734375 0.29765625 0.06796875 0.09296875
0 0.6921875 0.33203125 0.0703125 0.0953125
0 0.58671875 0.390625 0.07890625 0.1140625
0 0.55 0.33828125 0.07109375 0.08359375
0 0.64921875 0.278125 0.05703125 0.08046875
0 0.75078125 0.24609375 0.06171875 0.09140625
0 0.65546875 0.1625 0.0375 0.06640625
0 0.75 0.12890625 0.05234375 0.109375
0 0.290625 0.28828125 0.06015625 0.08359375
0 0.1734375 0.3 0.065625 0.07890625
0 0.2359375 0.2421875 0.053125 0.06484375
0 0.21796875 0.18984375 0.04765625 0.06484375
0 0.290625 0.19375 0.04375 0.06640625
0 0.33828125 0.23125 0.0453125 0.07734375
0 0.36953125 0.19921875 0.04453125 0.06171875
0 0.2703125 0.159375 0.03984375 0.06015625
0 0.3453125 0.12734375 0.040625 0.06015625
0 0.38046875 0.14765625 0.03984375 0.05703125
0 0.4265625 0.1625 0.0484375 0.06640625
0 0.5015625 0.09609375 0.03828125 0.06328125