0 0.41484375 0.91484375 0.165625 0.16953125
0 0.934375 0.75078125 0.13125 0.20234375
0 0.90390625 0.546875 0.1078125 0.15
0 0.93125 0.44609375 0.0890625 0.1234375
0 0.8546875 0.365625 0.08671875 0.1265625
0 0.7609375 0.4296875 0.08828125 0.11875
0 0.73671875 0.5875 0.11640625 0.140625
0 0.66953125 0.48515625 0.08515625 0.125
0 0.59140625 0.425 0.084375 0.1125
0 0.67890625 0.35859375 0.078125 0.115625
0 0.746875 0.19296875 0.06953125 0.1359375
0 0.63984375 0.26328125 0.053125 0.07578125
0 0.6890625 0.13359375 0.0375 0.05078125
0 0.61171875 0.134375 0.04140625 0.06484375
0 0.75859375 0.0828125 0.03671875 0.04765625
0 0.81953125 0.0890625 0.0375 0.05078125
0 0.2703125 0.2078125 0.0515625 0.07265625
0 0.3484375 0.16328125 0.0359375 0.06171875
0 0.3875 0.1859375 0.04765625 0.06328125
0 0.44296875 0.146875 0.04375 0.07109375
0 0.378125 0.109375 0.0328125 0.05234375
0 0.32578125 0.1328125 0.03359375 0.05859375
0 0.49140625 0.125 0.0375 0.04921875
0 0.4640625 0.0828125 0.0375 0.04765625
0 0.50234375 0.09296875 0.03359375 0.04921875
0 0.56328125 0.09453125 0.0359375 0.04453125