0 0.346875 0.69375 0.11484375 0.140625
0 0.128125 0.77265625 0.11875 0.18359375
0 0.1265625 0.6125 0.0984375 0.1484375
0 0.11328125 0.4921875 0.09296875 0.1265625
0 0.253125 0.384375 0.06796875 0.1015625
0 0.17265625 0.3265625 0.065625 0.08828125
0 0.02734375 0.38671875 0.0546875 0.08828125
0 0.075 0.27578125 0.0828125 0.14375
0 0.1953125 0.25546875 0.08359375 0.128125
0 0.2765625 0.21171875 0.05 0.06171875
0 0.29765625 0.321875 0.059375 0.07890625
0 0.3109375 0.26484375 0.05703125 0.07578125
0 0.35234375 0.22421875 0.046875 0.06953125
0 0.44140625 0.1515625 0.0375 0.05546875
0 0.5015625 0.059375 0.06171875 0.1125
0 0.4109375 0.06328125 0.078125 0.1265625
0 0.559375 0.25078125 0.059375 0.10625
0 0.79296875 0.4453125 0.09609375 0.14375
0 0.715625 0.20390625 0.0578125 0.1390625
0 0.740625 0.16328125 0.06171875 0.1484375
0 0.78671875 0.06640625 0.0671875 0.1328125
0 0.83671875 0.07421875 0.034375 0.05546875
0 0.7046875 0.109375 0.03046875 0.05234375
0 0.66171875 0.1015625 0.03828125 0.05546875
0 0.659375 0.1609375 0.046875 0.05703125
0 0.5890625 0.19609375 0.0453125 0.07109375
0 0.59453125 0.14921875 0.03828125 0.06953125
0 0.6140625 0.13359375 0.03359375 0.06328125