0 0.15390625 0.7625 0.1359375 0.18828125
0 0.271875 0.5953125 0.1140625 0.1453125
0 0.28828125 0.4921875 0.08671875 0.1078125
0 0.26875 0.390625 0.07734375 0.1046875
0 0.1203125 0.4609375 0.0921875 0.128125
0 0.13828125 0.3578125 0.1015625 0.17578125
0 0.19453125 0.29453125 0.05546875 0.07109375
0 0.2859375 0.32265625 0.0640625 0.08984375
0 0.36015625 0.21484375 0.0484375 0.06796875
0 0.32890625 0.16875 0.04921875 0.09140625
0 0.3203125 0.0890625 0.08515625 0.16171875
0 0.40390625 0.1 0.07265625 0.1234375
0 0.48515625 0.12421875 0.03828125 0.05703125
0 0.53046875 0.1015625 0.0359375 0.04609375
0 0.5765625 0.1609375 0.04609375 0.08515625
0 0.6296875 0.12578125 0.03828125 0.06328125
0 0.77890625 0.440625 0.08671875 0.1125
0 0.81953125 0.353125 0.07109375 0.09296875
0 0.96796875 0.6328125 0.06328125 0.15703125
0 0.653125 0.2796875 0.07109375 0.09296875
0 0.69375 0.14453125 0.04921875 0.1125
0 0.7484375 0.1171875 0.06015625 0.1296875
0 0.66640625 0.09765625 0.0359375 0.06640625
0 0.83828125 0.0515625 0.0640625 0.09140625
0 0.78203125 0.0703125 0.02578125 0.04765625
0 0.56875 0.06328125 0.0328125 0.04609375