0 0.19296875 0.27890625 0.06171875 0.08515625
0 0.25703125 0.2265625 0.04765625 0.06171875
0 0.3078125 0.2609375 0.06484375 0.07421875
0 0.35625 0.2109375 0.0515625 0.07890625
0 0.3109375 0.18125 0.0390625 0.06953125
0 0.23984375 0.1765625 0.05390625 0.06640625
0 0.390625 0.184375 0.04375 0.05703125
0 0.4515625 0.14765625 0.03671875 0.05390625
0 0.37109375 0.11640625 0.03359375 0.05390625
0 0.80703125 0.61171875 0.11796875 0.21171875
0 0.7953125 0.4578125 0.0890625 0.13125
0 0.8671875 0.3859375 0.0765625 0.1078125
0 0.71640625 0.36328125 0.075 0.10625
0 0.78984375 0.321875 0.0671875 0.1
0 0.759375 0.26640625 0.059375 0.103125
0 0.61796875 0.4328125 0.0828125 0.121875
0 0.57109375 0.36875 0.08125 0.08984375
0 0.659375 0.3 0.071875 0.08203125
0 0.6375 0.25390625 0.06328125 0.08515625
0 0.53125 0.29140625 0.0625 0.08359375
0 0.64765625 0.18046875 0.046875 0.07109375
0 0.7453125 0.1359375 0.05703125 0.1109375
0 0.6625 0.15625 0.04765625 0.05546875
0 0.78359375 0.115625 0.03203125 0.05546875
0 0.6984375 0.08671875 0.0421875 0.04921875