0 0.1578125 0.32578125 0.0703125 0.08984375
0 0.2765625 0.321875 0.059375 0.08828125
0 0.21953125 0.26484375 0.0546875 0.08203125
0 0.19765625 0.2046875 0.0515625 0.06953125
0 0.26796875 0.21328125 0.04921875 0.06796875
0 0.32109375 0.253125 0.05 0.08046875
0 0.346875 0.22109375 0.046875 0.06953125
0 0.40078125 0.1796875 0.03984375 0.06640625
0 0.3 0.1890625 0.03984375 0.05703125
0 0.2515625 0.17265625 0.04375 0.05859375
0 0.32578125 0.1390625 0.03359375 0.06796875
0 0.3578125 0.16328125 0.04765625 0.06484375
0 0.80234375 0.65 0.11796875 0.18203125
0 0.9203125 0.56484375 0.11015625 0.1390625
0 0.92578125 0.42890625 0.0828125 0.1171875
0 0.65546875 0.46640625 0.0859375 0.16640625
0 0.71640625 0.38046875 0.0734375 0.10625
0 0.81328125 0.33125 0.06796875 0.10625
0 0.76015625 0.27734375 0.0640625 0.08828125
0 0.7421875 0.22734375 0.05546875 0.09375
0 0.67265625 0.30703125 0.06015625 0.09296875
0 0.6453125 0.25625 0.053125 0.07734375
0 0.5640625 0.35625 0.06953125 0.1046875
0 0.53828125 0.3078125 0.06171875 0.07890625
0 0.63828125 0.21015625 0.0515625 0.06484375
0 0.75703125 0.1203125 0.05234375 0.1078125
0 0.66640625 0.146875 0.0359375 0.05859375
0 0.68984375 0.1296875 0.03828125 0.05546875
0 0.803125 0.10078125 0.0375 0.05390625