0 0.3546875 0.8265625 0.14609375 0.20234375
0 0.115625 0.73671875 0.1296875 0.16484375
0 0.29609375 0.5765625 0.10703125 0.16484375
0 0.10859375 0.515625 0.08515625 0.1078125
0 0.14140625 0.459375 0.08359375 0.10625
0 0.28359375 0.39453125 0.07265625 0.103125
0 0.11875 0.40234375 0.07109375 0.09375
0 0.1515625 0.35859375 0.06875 0.09140625
0 0.02890625 0.34921875 0.0578125 0.1
0 0.08671875 0.29296875 0.059375 0.08984375
0 0.20390625 0.290625 0.059375 0.08828125
0 0.1578125 0.23359375 0.0546875 0.07578125
0 0.253125 0.22890625 0.0484375 0.07265625
0 0.3296875 0.24375 0.0515625 0.06796875
0 0.2984375 0.19609375 0.0453125 0.06796875
0 0.2671875 0.16484375 0.0453125 0.05546875
0 0.340625 0.1625 0.04765625 0.05390625
0 0.39765625 0.17578125 0.040625 0.05859375
0 0.31171875 0.14296875 0.0328125 0.05390625
0 0.44921875 0.14921875 0.0390625 0.05703125
0 0.38671875 0.096875 0.06328125 0.08671875
0 0.8609375 0.69375 0.13984375 0.17109375
0 0.94453125 0.58046875 0.11015625 0.1453125
0 0.61875 0.45859375 0.09140625 0.1171875
0 0.72890625 0.39921875 0.06484375 0.10625
0 0.78984375 0.2296875 0.11796875 0.28125
0 0.640625 0.29375 0.0609375 0.08828125
0 0.5296875 0.26015625 0.0546875 0.08515625
0 0.634375 0.19453125 0.04609375 0.06484375
0 0.55 0.1984375 0.04453125 0.09140625
0 0.5796875 0.16640625 0.0421875 0.06796875
0 0.6671875 0.1578125 0.0421875 0.06328125