0 0.84609375 0.7625 0.1359375 0.18828125
0 0.728125 0.5953125 0.1140625 0.1453125
0 0.71171875 0.4921875 0.08671875 0.1078125
0 0.73125 0.390625 0.07734375 0.1046875
0 0.8796875 0.4609375 0.0921875 0.128125
0 0.86171875 0.3578125 0.1015625 0.17578125
0 0.80546875 0.29453125 0.05546875 0.07109375
0 0.7140625 0.32265625 0.0640625 0.08984375
0 0.63984375 0.21484375 0.0484375 0.06796875
0 0.67109375 0.16875 0.04921875 0.09140625
0 0.6796875 0.0890625 0.08515625 0.16171875
0 0.59609375 0.1 0.07265625 0.1234375
0 0.51484375 0.12421875 0.03828125 0.05703125
0 0.46953125 0.1015625 0.0359375 0.04609375
0 0.4234375 0.1609375 0.04609375 0.08515625
0 0.3703125 0.12578125 0.03828125 0.06328125
0 0.22109375 0.440625 0.08671875 0.1125
0 0.18046875 0.353125 0.07109375 0.09296875
0 0.03203125 0.6328125 0.06328125 0.15703125
0 0.346875 0.2796875 0.07109375 0.09296875
0 0.30625 0.14453125 0.04921875 0.1125
0 0.2515625 0.1171875 0.06015625 0.1296875
0 0.33359375 0.09765625 0.0359375 0.06640625
0 0.16171875 0.0515625 0.0640625 0.09140625
0 0.21796875 0.0703125 0.02578125 0.04765625
0 0.43125 0.06328125 0.0328125 0.04609375