0 0.41875 0.8640625 0.13515625 0.17890625
0 0.1453125 0.66875 0.109375 0.14375
0 0.25859375 0.44609375 0.0796875 0.1109375
0 0.16171875 0.31796875 0.06796875 0.1265625
0 0.1421875 0.171875 0.09375 0.20546875
0 0.22890625 0.21171875 0.0890625 0.16953125
0 0.3078125 0.27578125 0.0578125 0.07265625
0 0.33515625 0.2359375 0.053125 0.06796875
0 0.34140625 0.16015625 0.0421875 0.06484375
0 0.40078125 0.1875 0.04375 0.05390625
0 0.39140625 0.1421875 0.03828125 0.05234375
0 0.43984375 0.15625 0.04375 0.05234375
0 0.55078125 0.07421875 0.0359375 0.05234375
0 0.4328125 0.11875 0.0453125 0.05546875
0 0.64921875 0.2328125 0.0484375 0.06796875
0 0.78203125 0.3203125 0.06484375 0.096875
0 0.88515625 0.4078125 0.08125 0.109375
0 0.7375 0.165625 0.0421875 0.06015625
0 0.6625 0.1796875 0.0453125 0.05703125
0 0.7 0.11875 0.0390625 0.07109375
0 0.771875 0.0546875 0.03671875 0.08828125
0 0.64375 0.0484375 0.03203125 0.04140625
0 0.215625 0.853125 0.2015625 0.29296875