0 0.2671875 0.66171875 0.1140625 0.1546875
0 0.31484375 0.17734375 0.0546875 0.05859375
0 0.3703125 0.1171875 0.04453125 0.05546875
0 0.43125 0.14921875 0.04375 0.06328125
0 0.4953125 0.11953125 0.03984375 0.05390625
0 0.39140625 0.13984375 0.0359375 0.05078125
0 0.940625 0.78515625 0.11796875 0.18515625
0 0.9484375 0.434375 0.09375 0.134375
0 0.86640625 0.53046875 0.1078125 0.14375
0 0.8 0.6171875 0.1078125 0.1484375
0 0.675 0.52578125 0.09609375 0.121875
0 0.72421875 0.43828125 0.0859375 0.1265625
0 0.75703125 0.22890625 0.078125 0.14375
0 0.659375 0.3078125 0.06015625 0.08203125
0 0.63203125 0.278125 0.0625 0.07109375
0 0.57109375 0.1703125 0.04609375 0.06640625
0 0.66015625 0.15859375 0.04609375 0.06484375
0 0.71796875 0.10703125 0.0359375 0.06328125
0 0.67734375 0.12734375 0.03984375 0.07578125
0 0.7921875 0.1078125 0.0453125 0.05546875
0 0.746875 0.084375 0.0375 0.05390625
0 0.83203125 0.07578125 0.0359375 0.04609375