0 0.6140625 0.91171875 0.0828125 0.1078125
0 0.65625 0.61015625 0.03828125 0.06953125
0 0.73515625 0.6234375 0.05234375 0.08359375
0 0.375 0.66171875 0.05 0.08046875
0 0.30625 0.5609375 0.04140625 0.06640625
0 0.13828125 0.65703125 0.053125 0.07109375
0 0.1953125 0.696875 0.0484375 0.07265625
0 0.08984375 0.70390625 0.04921875 0.07734375
0 0.053125 0.74453125 0.05234375 0.06328125
0 0.05625 0.8859375 0.11171875 0.17578125
0 0.47109375 0.5140625 0.0359375 0.04921875
0 0.42265625 0.47265625 0.05625 0.115625