0 0.1734375 0.821875 0.103125 0.17421875
0 0.09140625 0.82734375 0.0546875 0.0953125
0 0.04375 0.96015625 0.0625 0.0796875
0 0.1265625 0.7265625 0.04609375 0.06484375
0 0.16328125 0.6859375 0.040625 0.06953125
0 0.20859375 0.6453125 0.04609375 0.07109375
0 0.278125 0.65625 0.0421875 0.06328125
0 0.44765625 0.61953125 0.03984375 0.07578125
0 0.6578125 0.70390625 0.0421875 0.07421875
0 0.75234375 0.7078125 0.0578125 0.1
0 0.3703125 0.546875 0.040625 0.06328125
0 0.8140625 0.63359375 0.03828125 0.05390625