0 0.65859375 0.68828125 0.04609375 0.08359375
0 0.75078125 0.69921875 0.05390625 0.08671875
0 0.80859375 0.628125 0.040625 0.05859375
0 0.16015625 0.83046875 0.1046875 0.16015625
0 0.07890625 0.8359375 0.053125 0.09375
0 0.11796875 0.72734375 0.05390625 0.06640625
0 0.15234375 0.68671875 0.0515625 0.06796875
0 0.19921875 0.64765625 0.0515625 0.06015625
0 0.26875 0.66015625 0.0390625 0.05546875
0 0.43671875 0.62890625 0.0484375 0.06640625
0 0.36171875 0.55 0.04453125 0.05390625
0 0.4609375 0.46875 0.0453125 0.10625
0 0.51015625 0.50546875 0.0359375 0.05703125