0 0.17734375 0.82265625 0.11484375 0.18515625
0 0.04765625 0.95625 0.0640625 0.0875
0 0.096875 0.82734375 0.053125 0.09296875
0 0.1296875 0.725 0.03828125 0.05859375
0 0.16796875 0.68671875 0.0421875 0.06484375
0 0.21015625 0.6421875 0.046875 0.06796875
0 0.28125 0.65234375 0.046875 0.06640625
0 0.4484375 0.61875 0.0515625 0.06171875
0 0.37265625 0.54140625 0.040625 0.05859375
0 0.46640625 0.46875 0.0515625 0.103125
0 0.51953125 0.50390625 0.03359375 0.05078125
0 0.6578125 0.71015625 0.04140625 0.07109375
0 0.753125 0.7109375 0.0578125 0.096875
0 0.81171875 0.63671875 0.03359375 0.05390625