0 0.7453125 0.671875 0.0515625 0.096875
0 0.65546875 0.66640625 0.04453125 0.06484375
0 0.640625 0.96171875 0.078125 0.0765625
0 0.42578125 0.6296875 0.0515625 0.06796875
0 0.45234375 0.4640625 0.04921875 0.10625
0 0.50546875 0.503125 0.04140625 0.05859375
0 0.3515625 0.54375 0.0453125 0.05703125
0 0.25625 0.66640625 0.05 0.05546875
0 0.1859375 0.64375 0.04765625 0.07109375
0 0.14140625 0.6875 0.04453125 0.07265625
0 0.10546875 0.72890625 0.04765625 0.06015625
0 0.05546875 0.8375 0.06015625 0.096875
0 0.1375 0.8359375 0.11953125 0.16796875