0 0.8265625 0.821875 0.103125 0.17421875
0 0.90859375 0.82734375 0.0546875 0.0953125
0 0.95625 0.96015625 0.0625 0.0796875
0 0.8734375 0.7265625 0.04609375 0.06484375
0 0.83671875 0.6859375 0.040625 0.06953125
0 0.79140625 0.6453125 0.04609375 0.07109375
0 0.721875 0.65625 0.0421875 0.06328125
0 0.55234375 0.61953125 0.03984375 0.07578125
0 0.3421875 0.70390625 0.0421875 0.07421875
0 0.24765625 0.7078125 0.0578125 0.1
0 0.6296875 0.546875 0.040625 0.06328125
0 0.1859375 0.63359375 0.03828125 0.05390625