0 0.9296875 0.8578125 0.11953125 0.19453125
0 0.93125 0.740625 0.04921875 0.07421875
0 0.890625 0.69765625 0.04375 0.07421875
0 0.84375 0.65625 0.046875 0.07421875
0 0.78359375 0.68828125 0.04375 0.06171875
0 0.6078125 0.65390625 0.05625 0.08203125
0 0.678125 0.55703125 0.04375 0.06171875
0 0.56484375 0.47109375 0.04921875 0.1125
0 0.51640625 0.5140625 0.03671875 0.06484375
0 0.37265625 0.92734375 0.07109375 0.1171875
0 0.34140625 0.62578125 0.0453125 0.07578125
0 0.259375 0.63984375 0.05625 0.09375