0 0.06875 0.94375 0.07109375 0.07578125
0 0.1953125 0.80625 0.0921875 0.17109375
0 0.1140625 0.81953125 0.059375 0.0953125
0 0.1421875 0.7125 0.04765625 0.07265625
0 0.1796875 0.6796875 0.04140625 0.07265625
0 0.22109375 0.63515625 0.04921875 0.06953125
0 0.29453125 0.64375 0.0375 0.07109375
0 0.459375 0.60546875 0.0484375 0.07578125
0 0.66171875 0.71875 0.0453125 0.07421875
0 0.75625 0.715625 0.0609375 0.09140625
0 0.38359375 0.53671875 0.040625 0.06171875
0 0.81796875 0.64296875 0.03359375 0.05078125
0 0.475 0.45859375 0.04765625 0.1015625