0 0.10859375 0.8484375 0.11015625 0.16953125
0 0.0296875 0.8484375 0.0515625 0.08984375
0 0.0890625 0.73671875 0.04921875 0.06640625
0 0.12578125 0.69296875 0.04765625 0.07109375
0 0.17265625 0.653125 0.0484375 0.07109375
0 0.2375 0.67421875 0.040625 0.07109375
0 0.41171875 0.6390625 0.04921875 0.07421875
0 0.33671875 0.5546875 0.04921875 0.06015625
0 0.4421875 0.46875 0.0515625 0.125
0 0.49375 0.509375 0.0328125 0.05546875
0 0.63125 0.953125 0.075 0.09375
0 0.65703125 0.65625 0.04140625 0.06328125
0 0.74296875 0.6625 0.06015625 0.096875