0 0.0953125 0.85234375 0.10703125 0.18984375
0 0.08046875 0.7390625 0.0453125 0.05234375
0 0.1203125 0.696875 0.04609375 0.06953125
0 0.16796875 0.65703125 0.04609375 0.06484375
0 0.2296875 0.68046875 0.03828125 0.06171875
0 0.40390625 0.64296875 0.0515625 0.07578125
0 0.3328125 0.5609375 0.04453125 0.06640625
0 0.43984375 0.4703125 0.05234375 0.1171875
0 0.4890625 0.5109375 0.03359375 0.05234375
0 0.63046875 0.95078125 0.08125 0.0984375
0 0.6578125 0.64140625 0.0421875 0.07265625
0 0.7421875 0.65234375 0.05703125 0.096875
0 0.02109375 0.853125 0.03828125 0.1015625