0 0.1265625 0.84375 0.109375 0.17734375
0 0.04609375 0.8421875 0.05546875 0.096875
0 0.0984375 0.73046875 0.0484375 0.06953125
0 0.13671875 0.68515625 0.04609375 0.08046875
0 0.184375 0.6421875 0.04140625 0.07421875
0 0.24765625 0.66484375 0.0421875 0.05859375
0 0.41953125 0.63671875 0.05234375 0.07265625
0 0.3453125 0.54609375 0.0421875 0.05859375
0 0.44609375 0.47109375 0.05546875 0.10625
0 0.63671875 0.96171875 0.0703125 0.0765625
0 0.65703125 0.66171875 0.04140625 0.08046875
0 0.74140625 0.66953125 0.0578125 0.0953125
0 0.5 0.5046875 0.034375 0.05546875