0 0.7546875 0.7140625 0.059375 0.10625
0 0.6578125 0.71328125 0.0546875 0.08671875
0 0.1890625 0.81171875 0.1 0.16328125
0 0.1046875 0.821875 0.05546875 0.08515625
0 0.059375 0.953125 0.075 0.09375
0 0.1359375 0.72265625 0.0453125 0.06015625
0 0.175 0.68125 0.0421875 0.06640625
0 0.21640625 0.6390625 0.04765625 0.06796875
0 0.28671875 0.64921875 0.04140625 0.06015625
0 0.45390625 0.6125 0.053125 0.07734375
0 0.378125 0.5359375 0.04609375 0.06015625
0 0.47265625 0.4640625 0.04921875 0.109375
0 0.521875 0.50078125 0.0375 0.05078125
0 0.81484375 0.63828125 0.03671875 0.05390625