0 0.62734375 0.9375 0.0796875 0.121875
0 0.74296875 0.64609375 0.053125 0.09375
0 0.659375 0.63359375 0.04375 0.06640625
0 0.39765625 0.64921875 0.0515625 0.07890625
0 0.32578125 0.559375 0.0515625 0.06640625
0 0.43828125 0.47421875 0.046875 0.115625
0 0.48671875 0.515625 0.03125 0.05234375
0 0.22265625 0.68828125 0.04921875 0.06171875
0 0.1609375 0.6546875 0.0578125 0.07421875
0 0.11328125 0.696875 0.04921875 0.07265625
0 0.075 0.7421875 0.0578125 0.06171875
0 0.08125 0.8609375 0.11640625 0.18828125