0 0.11953125 0.84296875 0.10859375 0.17265625
0 0.0390625 0.8484375 0.05546875 0.09296875
0 0.09296875 0.734375 0.0484375 0.07421875
0 0.13125 0.69375 0.04609375 0.07890625
0 0.17734375 0.65 0.04765625 0.07421875
0 0.240625 0.67265625 0.04375 0.06796875
0 0.415625 0.63984375 0.0453125 0.07265625
0 0.340625 0.55 0.04453125 0.06328125
0 0.4421875 0.47265625 0.04921875 0.115625
0 0.49453125 0.50546875 0.03359375 0.05390625
0 0.65546875 0.66328125 0.03828125 0.06171875
0 0.74140625 0.66640625 0.06171875 0.08984375
0 0.6328125 0.959375 0.075 0.08125