0 0.34140625 0.68828125 0.04609375 0.08359375
0 0.24921875 0.69921875 0.05390625 0.08671875
0 0.19140625 0.628125 0.040625 0.05859375
0 0.83984375 0.83046875 0.1046875 0.16015625
0 0.92109375 0.8359375 0.053125 0.09375
0 0.88203125 0.72734375 0.05390625 0.06640625
0 0.84765625 0.68671875 0.0515625 0.06796875
0 0.80078125 0.64765625 0.0515625 0.06015625
0 0.73125 0.66015625 0.0390625 0.05546875
0 0.56328125 0.62890625 0.0484375 0.06640625
0 0.63828125 0.55 0.04453125 0.05390625
0 0.5390625 0.46875 0.0453125 0.10625
0 0.48984375 0.50546875 0.0359375 0.05703125