0 0.209375 0.79921875 0.10625 0.16953125
0 0.0921875 0.9390625 0.0703125 0.08828125
0 0.128125 0.81328125 0.0609375 0.09296875
0 0.15546875 0.715625 0.04375 0.06328125
0 0.18828125 0.67890625 0.0453125 0.07421875
0 0.23203125 0.63359375 0.04453125 0.06640625
0 0.3046875 0.640625 0.03984375 0.06484375
0 0.4671875 0.6015625 0.04609375 0.07109375
0 0.66171875 0.73359375 0.05 0.08515625
0 0.76171875 0.72890625 0.0578125 0.09375
0 0.3921875 0.53359375 0.0390625 0.05859375
0 0.82265625 0.6515625 0.03828125 0.05546875
0 0.48203125 0.46640625 0.04453125 0.1046875
0 0.53359375 0.4984375 0.0328125 0.04921875