0 0.0703125 0.8578125 0.11953125 0.19453125
0 0.06875 0.740625 0.04921875 0.07421875
0 0.109375 0.69765625 0.04375 0.07421875
0 0.15625 0.65625 0.046875 0.07421875
0 0.21640625 0.68828125 0.04375 0.06171875
0 0.3921875 0.65390625 0.05625 0.08203125
0 0.321875 0.55703125 0.04375 0.06171875
0 0.43515625 0.47109375 0.04921875 0.1125
0 0.48359375 0.5140625 0.03671875 0.06484375
0 0.62734375 0.92734375 0.07109375 0.1171875
0 0.65859375 0.62578125 0.0453125 0.07578125
0 0.740625 0.63984375 0.05625 0.09375