0 0.15390625 0.83125 0.11015625 0.18671875
0 0.07109375 0.83984375 0.0515625 0.08984375
0 0.115625 0.72578125 0.053125 0.06640625
0 0.15078125 0.68203125 0.04921875 0.08046875
0 0.1984375 0.64765625 0.0515625 0.06328125
0 0.265625 0.6609375 0.04375 0.06640625
0 0.43359375 0.62265625 0.053125 0.07265625
0 0.35859375 0.5453125 0.0421875 0.06015625
0 0.45703125 0.46796875 0.05625 0.1140625
0 0.51015625 0.509375 0.0421875 0.05234375
0 0.66015625 0.68515625 0.040625 0.06796875
0 0.746875 0.690625 0.06171875 0.08515625
0 0.81015625 0.61796875 0.03359375 0.04453125