0 0.784375 0.74921875 0.2578125 0.30234375
0 0.3734375 0.78046875 0.246875 0.34765625
0 0.1109375 0.63359375 0.221875 0.30546875
0 0.21484375 0.4015625 0.16328125 0.153125
0 0.41015625 0.53984375 0.15703125 0.18203125
0 0.67109375 0.51484375 0.16328125 0.16328125
0 0.65390625 0.36015625 0.13125 0.1375
0 0.60859375 0.25234375 0.134375 0.16328125
0 0.41875 0.4 0.128125 0.11953125
0 0.4359375 0.3015625 0.08828125 0.0953125
0 0.29921875 0.30625 0.1046875 0.0953125
0 0.33515625 0.2359375 0.07734375 0.0734375
0 0.46640625 0.25859375 0.07109375 0.0625