0 0.703125 0.76640625 0.075 0.128125
0 0.83515625 0.8015625 0.07890625 0.134375
0 0.51484375 0.93359375 0.0984375 0.1328125
0 0.5765625 0.6390625 0.0578125 0.1421875
0 0.6125 0.5734375 0.0390625 0.06953125
0 0.7078125 0.56953125 0.04765625 0.0953125
0 0.78671875 0.559375 0.0421875 0.06328125
0 0.665625 0.53046875 0.04140625 0.05703125
0 0.51171875 0.553125 0.04453125 0.06328125
0 0.4640625 0.61328125 0.04921875 0.07890625
0 0.48359375 0.51953125 0.0375 0.06328125
0 0.31015625 0.56640625 0.02890625 0.05234375
0 0.14296875 0.871875 0.10859375 0.1453125
0 0.284375 0.5015625 0.0453125 0.05234375
0 0.24296875 0.49375 0.03984375 0.04921875
0 0.44921875 0.51328125 0.03359375 0.05078125