0 0.7125 0.93515625 0.09453125 0.1203125
0 0.6828125 0.78359375 0.0671875 0.1296875
0 0.509375 0.89296875 0.09140625 0.20546875
0 0.60078125 0.58203125 0.05 0.1015625
0 0.7046875 0.5609375 0.04140625 0.06328125
0 0.47109375 0.59921875 0.053125 0.07265625
0 0.53828125 0.53671875 0.03671875 0.04296875
0 0.5375 0.5015625 0.0359375 0.03359375
0 0.48515625 0.50625 0.0375 0.03984375
0 0.41953125 0.56328125 0.04453125 0.05234375
0 0.19375 0.5734375 0.0546875 0.06640625
0 0.0609375 0.596875 0.06796875 0.07421875
0 0.23046875 0.54609375 0.0515625 0.05546875
0 0.95625 0.5125 0.034375 0.05234375
0 0.91640625 0.4671875 0.03359375 0.04765625