0 0.7078125 0.621875 0.05234375 0.08671875
0 0.58125 0.6671875 0.06328125 0.1125
0 0.46640625 0.5984375 0.0640625 0.08671875
0 0.2625 0.834375 0.16875 0.33125
0 0.1046875 0.57421875 0.059375 0.06796875
0 0.02734375 0.653125 0.053125 0.09296875
0 0.29375 0.48046875 0.0609375 0.103125
0 0.42265625 0.553125 0.04921875 0.06640625
0 0.49453125 0.4875 0.05546875 0.0984375
0 0.5203125 0.54375 0.04140625 0.06640625
0 0.63828125 0.52734375 0.03828125 0.05703125
0 0.709375 0.5375 0.04609375 0.05703125
0 0.7078125 0.62265625 0.059375 0.08828125
0 0.8765625 0.5328125 0.04765625 0.103125