0 0.8 0.62421875 0.05625 0.08515625
0 0.79375 0.57109375 0.03984375 0.07109375
0 0.87265625 0.51640625 0.0359375 0.06015625
0 0.971875 0.46875 0.03046875 0.04609375
0 0.65390625 0.60625 0.06015625 0.09296875
0 0.71875 0.50703125 0.0296875 0.05078125
0 0.65703125 0.51328125 0.0359375 0.05703125
0 0.559375 0.47265625 0.0515625 0.1125
0 0.51875 0.53125 0.04921875 0.07734375
0 0.44765625 0.54296875 0.04453125 0.06171875
0 0.403125 0.70703125 0.09453125 0.16015625
0 0.29453125 0.66484375 0.0765625 0.1140625
0 0.075 0.64765625 0.07734375 0.09140625
0 0.16640625 0.5515625 0.05703125 0.07265625
0 0.28515625 0.50625 0.0390625 0.05234375
0 0.19921875 0.53203125 0.040625 0.05546875
0 0.25234375 0.48984375 0.04140625 0.05078125