0 0.0859375 0.6625 0.08359375 0.103125
0 0.15703125 0.56953125 0.0796875 0.1296875
0 0.246875 0.4953125 0.03984375 0.06484375
0 0.5296875 0.9203125 0.09296875 0.15625
0 0.70390625 0.7328125 0.08515625 0.1546875
0 0.8703125 0.8140625 0.08125 0.153125
0 0.56796875 0.68203125 0.07890625 0.1140625
0 0.428125 0.65625 0.06796875 0.103125
0 0.23984375 0.7671875 0.08515625 0.1265625
0 0.26015625 0.934375 0.11796875 0.13125
0 0.70234375 0.49921875 0.040625 0.109375
0 0.66875 0.50703125 0.03046875 0.04453125
0 0.4828125 0.51796875 0.04140625 0.05703125
0 0.43359375 0.5125 0.040625 0.05234375
0 0.540625 0.5046875 0.03671875 0.06171875
0 0.78125 0.509375 0.02421875 0.03984375