0 0.5671875 0.7046875 0.0671875 0.10625
0 0.71953125 0.6875 0.05546875 0.115625
0 0.75625 0.609375 0.06015625 0.08359375
0 0.74140625 0.928125 0.09921875 0.14375
0 0.77421875 0.53125 0.04140625 0.04609375
0 0.934375 0.65625 0.05390625 0.125
0 0.903125 0.5984375 0.0453125 0.07734375
0 0.67421875 0.5140625 0.0328125 0.05546875
0 0.46640625 0.55625 0.0765625 0.17421875
0 0.38359375 0.72109375 0.07890625 0.134375
0 0.315625 0.6609375 0.06328125 0.096875
0 0.16171875 0.803125 0.10234375 0.15859375
0 0.178125 0.5546875 0.05234375 0.07578125
0 0.2546875 0.52265625 0.040625 0.05078125
0 0.0640625 0.603125 0.06328125 0.09296875
0 0.57421875 0.50625 0.03359375 0.05859375
0 0.940625 0.4484375 0.03203125 0.05390625
0 0.890625 0.434375 0.028125 0.03828125