0 0.31015625 0.63046875 0.06953125 0.17734375
0 0.3859375 0.5765625 0.046875 0.08828125
0 0.29296875 0.5125 0.0375 0.07109375
0 0.2234375 0.5109375 0.0390625 0.05546875
0 0.5015625 0.5703125 0.0453125 0.06640625
0 0.70546875 0.884375 0.1015625 0.1390625
0 0.72265625 0.66171875 0.06328125 0.09296875
0 0.8578125 0.61171875 0.065625 0.09140625
0 0.76640625 0.55078125 0.04921875 0.06484375
0 0.8796875 0.56328125 0.06171875 0.07734375
0 0.75390625 0.49375 0.0421875 0.05546875
0 0.57265625 0.55234375 0.046875 0.06171875