0 0.653125 0.8046875 0.090625 0.134375
0 0.44296875 0.80625 0.084375 0.13125
0 0.85859375 0.71328125 0.08671875 0.1015625
0 0.9359375 0.9375 0.1234375 0.125
0 0.2953125 0.66484375 0.059375 0.08359375
0 0.2 0.646875 0.06015625 0.09296875
0 0.21328125 0.56875 0.04375 0.07578125
0 0.29140625 0.56875 0.04765625 0.07265625
0 0.39296875 0.5859375 0.04921875 0.08515625
0 0.35625 0.51015625 0.0375 0.07578125
0 0.278125 0.51171875 0.040625 0.06640625
0 0.57265625 0.55546875 0.0484375 0.06484375
0 0.69375 0.58046875 0.04140625 0.07421875
0 0.73515625 0.5296875 0.04609375 0.05234375