0 0.68984375 0.63046875 0.06953125 0.17734375
0 0.6140625 0.5765625 0.046875 0.08828125
0 0.70703125 0.5125 0.0375 0.07109375
0 0.7765625 0.5109375 0.0390625 0.05546875
0 0.4984375 0.5703125 0.0453125 0.06640625
0 0.29453125 0.884375 0.1015625 0.1390625
0 0.27734375 0.66171875 0.06328125 0.09296875
0 0.1421875 0.61171875 0.065625 0.09140625
0 0.23359375 0.55078125 0.04921875 0.06484375
0 0.1203125 0.56328125 0.06171875 0.07734375
0 0.24609375 0.49375 0.0421875 0.05546875
0 0.42734375 0.55234375 0.046875 0.06171875