0 0.71953125 0.62578125 0.11875 0.1171875
0 0.70625 0.415625 0.07890625 0.07109375
0 0.2328125 0.9421875 0.21640625 0.115625
0 0.35703125 0.778125 0.15859375 0.14140625
0 0.34296875 0.66953125 0.1296875 0.103125
0 0.36015625 0.5984375 0.1125 0.0984375
0 0.53515625 0.60234375 0.1203125 0.10625
0 0.55078125 0.5328125 0.1015625 0.07421875
0 0.5328125 0.47265625 0.09140625 0.05625
0 0.3828125 0.5140625 0.1109375 0.08671875
0 0.19453125 0.58125 0.1046875 0.1
0 0.07109375 0.49453125 0.08984375 0.07109375
0 0.11875 0.38515625 0.06484375 0.0453125
0 0.21875 0.37890625 0.05859375 0.046875
0 0.31640625 0.39296875 0.07109375 0.0546875
0 0.40234375 0.440625 0.07890625 0.053125
0 0.51953125 0.41484375 0.06953125 0.053125