0 0.1484375 0.71953125 0.1359375 0.12578125
0 0.2875 0.790625 0.17109375 0.17734375
0 0.565625 0.78125 0.16171875 0.1484375
0 0.5640625 0.61796875 0.146875 0.1640625
0 0.69140625 0.51640625 0.1078125 0.1078125
0 0.9609375 0.7453125 0.078125 0.16875
0 0.76171875 0.4546875 0.07890625 0.07890625
0 0.62578125 0.41328125 0.05703125 0.0625
0 0.54921875 0.496875 0.08984375 0.06640625
0 0.39453125 0.49921875 0.109375 0.09375
0 0.27734375 0.490625 0.08515625 0.07890625
0 0.05234375 0.4890625 0.1046875 0.0953125
0 0.3046875 0.42890625 0.08203125 0.0625
0 0.20078125 0.38671875 0.06484375 0.0484375