0 0.22890625 0.63984375 0.146875 0.159375
0 0.1296875 0.559375 0.1140625 0.1140625
0 0.31171875 0.4796875 0.1078125 0.109375
0 0.23125 0.44921875 0.07421875 0.08046875
0 0.3765625 0.3484375 0.05859375 0.06640625
0 0.3234375 0.31484375 0.05390625 0.05625
0 0.40625 0.275 0.05078125 0.0484375
0 0.178125 0.31171875 0.05390625 0.05
0 0.66875 0.76171875 0.18046875 0.1546875
0 0.621875 0.62578125 0.1296875 0.1109375
0 0.86640625 0.7046875 0.146875 0.13359375
0 0.77578125 0.5671875 0.121875 0.1
0 0.72421875 0.48125 0.096875 0.09375
0 0.6 0.47734375 0.09296875 0.07890625
0 0.665625 0.3890625 0.07890625 0.059375
0 0.46875 0.37890625 0.07421875 0.05625
0 0.41171875 0.6984375 0.1390625 0.12421875
0 0.43984375 0.59765625 0.1296875 0.1
0 0.47421875 0.49453125 0.096875 0.08671875
0 0.57578125 0.36171875 0.08046875 0.13671875
0 0.7953125 0.37890625 0.06640625 0.059375
0 0.93125 0.49296875 0.10625 0.08359375