0 0.0984375 0.79296875 0.16015625 0.13359375
0 0.265625 0.8578125 0.20078125 0.17578125
0 0.58359375 0.8625 0.19453125 0.15625
0 0.92578125 0.90859375 0.1484375 0.1828125
0 0.9421875 0.6765625 0.115625 0.13828125
0 0.5765625 0.66328125 0.14375 0.17734375
0 0.35546875 0.64921875 0.121875 0.103125
0 0.3890625 0.52734375 0.1046875 0.0953125
0 0.2625 0.5109375 0.1046875 0.07890625
0 0.54765625 0.51796875 0.0953125 0.07578125
0 0.6765625 0.48359375 0.09140625 0.0953125
0 0.7421875 0.43359375 0.07421875 0.07265625
0 0.5359375 0.4671875 0.08515625 0.07421875
0 0.41015625 0.4640625 0.08046875 0.07109375
0 0.0421875 0.5140625 0.084375 0.10625
0 0.1890625 0.39921875 0.05703125 0.0515625