0 0.2890625 0.853125 0.18984375 0.18984375
0 0.7703125 0.671875 0.16015625 0.1578125
0 0.8328125 0.5515625 0.115625 0.0984375
0 0.66484375 0.4984375 0.0984375 0.08203125
0 0.74609375 0.44453125 0.08515625 0.07734375
0 0.540625 0.62421875 0.121875 0.0984375
0 0.5453125 0.52421875 0.109375 0.12421875
0 0.38125 0.5296875 0.09296875 0.07421875
0 0.3390625 0.64609375 0.125 0.115625
0 0.2296875 0.58828125 0.1046875 0.0953125
0 0.29765625 0.4453125 0.07109375 0.059375
0 0.39609375 0.453125 0.09140625 0.06953125
0 0.3171875 0.38984375 0.07890625 0.0515625
0 0.11875 0.44140625 0.08984375 0.07421875
0 0.05078125 0.50703125 0.1015625 0.08359375
0 0.92890625 0.4 0.08046875 0.0625
0 0.61953125 0.4265625 0.06640625 0.06796875