0 0.81796875 0.73515625 0.16328125 0.18203125
0 0.8671875 0.5953125 0.1265625 0.12734375
0 0.59453125 0.8875 0.18671875 0.17734375
0 0.309375 0.79765625 0.18984375 0.1984375
0 0.35703125 0.6140625 0.121875 0.1078125
0 0.2484375 0.5546875 0.1078125 0.0953125
0 0.534375 0.59375 0.121875 0.1015625
0 0.540625 0.50234375 0.13125 0.12890625
0 0.68359375 0.53828125 0.09296875 0.1015625
0 0.77265625 0.471875 0.09375 0.10625
0 0.6328125 0.4578125 0.07734375 0.07578125
0 0.403125 0.43984375 0.09296875 0.07109375
0 0.384375 0.50625 0.0984375 0.07890625
0 0.3046875 0.4328125 0.07265625 0.0640625
0 0.071875 0.48515625 0.096875 0.07578125
0 0.1390625 0.42734375 0.08359375 0.07265625
0 0.9375 0.403125 0.08203125 0.07578125