0 0.7265625 0.878125 0.17890625 0.15
0 0.3484375 0.90859375 0.246875 0.1828125
0 0.096875 0.8078125 0.19375 0.209375
0 0.0609375 0.646875 0.121875 0.12421875
0 0.26796875 0.57109375 0.1125 0.12109375
0 0.190625 0.5015625 0.08828125 0.0984375
0 0.1609375 0.3265625 0.05703125 0.0515625
0 0.365625 0.38203125 0.06796875 0.0640625
0 0.30546875 0.34765625 0.05859375 0.0515625
0 0.428125 0.6203125 0.10625 0.1
0 0.4546875 0.54609375 0.096875 0.08984375
0 0.6375 0.6578125 0.1453125 0.12421875
0 0.81640625 0.61796875 0.1234375 0.103125
0 0.60859375 0.54921875 0.109375 0.08359375
0 0.740625 0.5109375 0.1015625 0.07265625
0 0.703125 0.44921875 0.08515625 0.08046875
0 0.58984375 0.43984375 0.07734375 0.0640625
0 0.49375 0.46328125 0.08359375 0.07265625
0 0.475 0.35078125 0.06171875 0.0421875
0 0.6625 0.36640625 0.06953125 0.053125
0 0.8796875 0.45078125 0.08046875 0.0546875
0 0.775 0.36640625 0.05859375 0.046875