0 0.63359375 0.87890625 0.18671875 0.18671875
0 0.77734375 0.70390625 0.13125 0.13515625
0 0.84609375 0.58203125 0.11875 0.12734375
0 0.68359375 0.56328125 0.1015625 0.103125
0 0.5515625 0.671875 0.134375 0.11953125
0 0.34453125 0.6640625 0.134375 0.13671875
0 0.28125 0.8265625 0.16171875 0.146875
0 0.253125 0.94609375 0.20078125 0.1078125
0 0.3765625 0.53515625 0.1078125 0.08515625
0 0.52421875 0.50546875 0.09375 0.07734375
0 0.53671875 0.44921875 0.08046875 0.08984375
0 0.61796875 0.40859375 0.06328125 0.0625
0 0.6515625 0.31796875 0.05234375 0.05
0 0.28046875 0.48828125 0.08515625 0.06796875
0 0.41015625 0.4109375 0.07109375 0.0609375
0 0.96796875 0.434375 0.0640625 0.06875
0 0.1375 0.44140625 0.08046875 0.0640625