0 0.39765625 0.8078125 0.17734375 0.159375
0 0.07265625 0.65 0.1453125 0.13046875
0 0.9 0.76875 0.16640625 0.13984375
0 0.71640625 0.928125 0.21328125 0.14296875
0 0.628125 0.6203125 0.1203125 0.109375
0 0.80703125 0.61328125 0.1515625 0.12578125
0 0.60703125 0.528125 0.109375 0.08984375
0 0.7015625 0.45234375 0.09140625 0.08046875
0 0.86796875 0.4359375 0.09140625 0.07578125
0 0.79296875 0.3796875 0.07109375 0.0515625
0 0.59296875 0.42890625 0.1015625 0.146875
0 0.4578125 0.4546875 0.07890625 0.06953125
0 0.2796875 0.55703125 0.1015625 0.09375
0 0.2484375 0.41171875 0.07421875 0.07578125
0 0.3484375 0.428125 0.08671875 0.08046875
0 0.36796875 0.34921875 0.06953125 0.0578125
0 0.29921875 0.3453125 0.06171875 0.0625