0 0.225 0.92421875 0.20390625 0.1515625
0 0.31953125 0.7484375 0.1546875 0.1703125
0 0.56953125 0.7859375 0.16328125 0.1515625
0 0.8796875 0.8296875 0.20703125 0.20625
0 0.90625 0.640625 0.1265625 0.12265625
0 0.95234375 0.4171875 0.08046875 0.07734375
0 0.7046875 0.57890625 0.103125 0.1015625
0 0.78828125 0.49921875 0.09296875 0.096875
0 0.6515625 0.484375 0.08046875 0.07109375
0 0.5296875 0.5609375 0.0984375 0.07578125
0 0.54296875 0.48203125 0.0953125 0.1046875
0 0.3578125 0.5828125 0.1140625 0.09375
0 0.2578125 0.52734375 0.08984375 0.08203125
0 0.390625 0.48515625 0.07734375 0.07265625
0 0.30625 0.42421875 0.06640625 0.059375
0 0.40546875 0.43046875 0.08828125 0.06640625
0 0.09375 0.4671875 0.07890625 0.06796875
0 0.15703125 0.4125 0.08359375 0.0640625