0 0.6 0.78046875 0.18203125 0.23671875
0 0.80625 0.7015625 0.15 0.17265625
0 0.86640625 0.57421875 0.10625 0.1140625
0 0.5609375 0.56015625 0.103125 0.08046875
0 0.37890625 0.5828125 0.11875 0.109375
0 0.32421875 0.74765625 0.1484375 0.1140625
0 0.22890625 0.55625 0.10625 0.08828125
0 0.28125 0.46875 0.08828125 0.0640625
0 0.403125 0.4984375 0.08984375 0.07265625
0 0.484375 0.44375 0.07109375 0.06953125
0 0.546875 0.4984375 0.103125 0.07265625
0 0.65 0.425 0.07421875 0.08359375
0 0.715625 0.38515625 0.06640625 0.07109375
0 0.41953125 0.41640625 0.06171875 0.04375
0 0.1546875 0.42265625 0.06796875 0.05625