0 0.3125 0.796875 0.16484375 0.1546875
0 0.55859375 0.68828125 0.1421875 0.13046875
0 0.0984375 0.75390625 0.18828125 0.1546875
0 0.25859375 0.5203125 0.09375 0.09375
0 0.38671875 0.496875 0.1125 0.17265625
0 0.54140625 0.53515625 0.08671875 0.09140625
0 0.52890625 0.46796875 0.08828125 0.07890625
0 0.06484375 0.49765625 0.08984375 0.08359375
0 0.15859375 0.41953125 0.07421875 0.0625
0 0.14765625 0.3578125 0.07890625 0.06796875
0 0.81796875 0.52265625 0.1140625 0.0984375
0 0.65703125 0.44765625 0.08359375 0.07421875
0 0.709375 0.35390625 0.06015625 0.0640625
0 0.61640625 0.3609375 0.07265625 0.0640625
0 0.52265625 0.35 0.06953125 0.05625
0 0.43203125 0.3859375 0.05859375 0.053125
0 0.33203125 0.3703125 0.07421875 0.0578125