0 0.6484375 0.93984375 0.21875 0.1203125
0 0.34375 0.72578125 0.1421875 0.13359375
0 0.55546875 0.65078125 0.1328125 0.109375
0 0.1328125 0.69921875 0.17265625 0.1515625
0 0.37109375 0.596875 0.115625 0.0984375
0 0.39140625 0.47421875 0.109375 0.159375
0 0.540625 0.50234375 0.08828125 0.06796875
0 0.67734375 0.478125 0.08671875 0.08046875
0 0.84921875 0.56171875 0.121875 0.103125
0 0.7234375 0.36796875 0.06796875 0.06640625
0 0.62890625 0.3796875 0.06640625 0.07734375
0 0.2734375 0.49609375 0.08984375 0.08046875
0 0.08515625 0.47734375 0.09296875 0.06953125
0 0.17734375 0.4015625 0.07109375 0.059375
0 0.15625 0.34921875 0.06640625 0.0515625
0 0.340625 0.35625 0.06015625 0.0546875
0 0.43203125 0.37421875 0.06171875 0.05
0 0.52578125 0.34453125 0.05390625 0.0453125
0 0.61015625 0.31328125 0.05390625 0.053125
0 0.68046875 0.3125 0.05234375 0.0546875