0 0.0953125 0.8984375 0.190625 0.203125
0 0.2671875 0.58046875 0.1171875 0.13671875
0 0.1609375 0.521875 0.10625 0.1
0 0.24921875 0.42109375 0.06953125 0.07890625
0 0.32109375 0.44609375 0.09296875 0.08984375
0 0.38203125 0.325 0.05703125 0.0640625
0 0.3296875 0.29609375 0.04765625 0.0578125
0 0.41015625 0.2609375 0.05234375 0.0421875
0 0.40078125 0.7453125 0.14375 0.13203125
0 0.43515625 0.6265625 0.1265625 0.1125
0 0.63359375 0.66796875 0.121875 0.109375
0 0.68828125 0.828125 0.20078125 0.17578125
0 0.90078125 0.753125 0.15625 0.12734375
0 0.790625 0.59453125 0.125 0.1
0 0.73671875 0.49765625 0.10625 0.08984375
0 0.60234375 0.49609375 0.096875 0.08046875
0 0.58828125 0.44609375 0.08671875 0.07109375
0 0.57578125 0.375 0.07734375 0.12265625
0 0.67734375 0.39765625 0.07421875 0.06796875
0 0.65078125 0.34765625 0.06328125 0.0515625
0 0.809375 0.390625 0.07265625 0.059375
0 0.95625 0.51796875 0.0875 0.0828125
0 0.75703125 0.34453125 0.06328125 0.0421875