0 0.7265625 0.89609375 0.18515625 0.15625
0 0.696875 0.76484375 0.15625 0.12578125
0 0.93515625 0.8203125 0.1296875 0.15625
0 0.1796875 0.7890625 0.16171875 0.1546875
0 0.11953125 0.63359375 0.128125 0.13671875
0 0.28984375 0.61015625 0.1078125 0.10625
0 0.3921875 0.78203125 0.15703125 0.15625
0 0.3484375 0.9375 0.23125 0.125
0 0.45 0.6203125 0.11875 0.10625
0 0.47578125 0.4921875 0.07890625 0.059375
0 0.61328125 0.509375 0.09375 0.08515625
0 0.7140625 0.46796875 0.08203125 0.059375
0 0.84609375 0.43203125 0.07265625 0.059375
0 0.36796875 0.4328125 0.06640625 0.0640625
0 0.4671875 0.4296875 0.08203125 0.096875
0 0.59921875 0.44375 0.06953125 0.059375