0 0.6265625 0.86328125 0.21875 0.2640625
0 0.7625 0.625 0.1328125 0.1453125
0 0.8375 0.5328125 0.1 0.096875
0 0.9578125 0.71171875 0.084375 0.1484375
0 0.303125 0.80625 0.15625 0.14296875
0 0.37109375 0.621875 0.13125 0.1125
0 0.2015625 0.5875 0.10625 0.10625
0 0.1375 0.4375 0.07421875 0.0625
0 0.26875 0.48828125 0.08984375 0.07109375
0 0.396875 0.5234375 0.0984375 0.07421875
0 0.5421875 0.521875 0.09375 0.08046875
0 0.5625 0.590625 0.109375 0.096875
0 0.49375 0.44921875 0.07109375 0.06796875
0 0.64609375 0.4109375 0.06640625 0.07734375
0 0.7015625 0.36796875 0.06328125 0.059375
0 0.415625 0.428125 0.06953125 0.0578125
0 0.30390625 0.428125 0.07421875 0.06796875