0 0.9046875 0.8984375 0.190625 0.203125
0 0.7328125 0.58046875 0.1171875 0.13671875
0 0.8390625 0.521875 0.10625 0.1
0 0.75078125 0.42109375 0.06953125 0.07890625
0 0.67890625 0.44609375 0.09296875 0.08984375
0 0.61796875 0.325 0.05703125 0.0640625
0 0.6703125 0.29609375 0.04765625 0.0578125
0 0.58984375 0.2609375 0.05234375 0.0421875
0 0.59921875 0.7453125 0.14375 0.13203125
0 0.56484375 0.6265625 0.1265625 0.1125
0 0.36640625 0.66796875 0.121875 0.109375
0 0.31171875 0.828125 0.20078125 0.17578125
0 0.09921875 0.753125 0.15625 0.12734375
0 0.209375 0.59453125 0.125 0.1
0 0.26328125 0.49765625 0.10625 0.08984375
0 0.39765625 0.49609375 0.096875 0.08046875
0 0.41171875 0.44609375 0.08671875 0.07109375
0 0.42421875 0.375 0.07734375 0.12265625
0 0.32265625 0.39765625 0.07421875 0.06796875
0 0.34921875 0.34765625 0.06328125 0.0515625
0 0.190625 0.390625 0.07265625 0.059375
0 0.04375 0.51796875 0.0875 0.0828125
0 0.24296875 0.34453125 0.06328125 0.0421875