0 0.83671875 0.77734375 0.16953125 0.15
0 0.61484375 0.80625 0.17109375 0.15625
0 0.56640625 0.6609375 0.1234375 0.12109375
0 0.53359375 0.52265625 0.09296875 0.08828125
0 0.70703125 0.52421875 0.0984375 0.1171875
0 0.8078125 0.484375 0.096875 0.08984375
0 0.73515625 0.3984375 0.07265625 0.07265625
0 0.66015625 0.41796875 0.08359375 0.08515625
0 0.534375 0.4 0.06015625 0.059375
0 0.61328125 0.3109375 0.06640625 0.0609375
0 0.6609375 0.2796875 0.05078125 0.046875
0 0.28359375 0.9 0.21640625 0.19609375
0 0.35625 0.7140625 0.1453125 0.13671875
0 0.1875 0.62421875 0.140625 0.1109375
0 0.078125 0.80859375 0.15625 0.1453125
0 0.38671875 0.51953125 0.096875 0.08828125
0 0.24609375 0.5203125 0.109375 0.1
0 0.40703125 0.4578125 0.08359375 0.0625
0 0.3203125 0.40625 0.06953125 0.06953125
0 0.41875 0.38359375 0.08203125 0.12578125
0 0.1796875 0.39921875 0.06328125 0.0578125
0 0.23671875 0.35078125 0.05390625 0.0515625