0 0.890625 0.603125 0.1359375 0.12109375
0 0.62109375 0.88984375 0.18359375 0.17265625
0 0.35703125 0.6703125 0.128125 0.12109375
0 0.54921875 0.6203125 0.1234375 0.115625
0 0.6921875 0.5125 0.10625 0.0984375
0 0.07578125 0.83125 0.1515625 0.1609375
0 0.1671875 0.653125 0.16484375 0.13671875
0 0.38828125 0.55625 0.11875 0.08828125
0 0.4 0.44609375 0.0953125 0.1640625
0 0.28828125 0.47265625 0.0953125 0.08515625
0 0.10859375 0.45703125 0.09375 0.08046875
0 0.19453125 0.39296875 0.07109375 0.0609375
0 0.1703125 0.34296875 0.06015625 0.0515625
0 0.54296875 0.47734375 0.09296875 0.06953125
0 0.53203125 0.4265625 0.08359375 0.0640625
0 0.6390625 0.40234375 0.08359375 0.08359375
0 0.7390625 0.39296875 0.07421875 0.07421875
0 0.69296875 0.32578125 0.05859375 0.059375
0 0.6203125 0.33046875 0.06171875 0.0609375