0 0.2734375 0.878125 0.17890625 0.15
0 0.6515625 0.90859375 0.246875 0.1828125
0 0.903125 0.8078125 0.19375 0.209375
0 0.9390625 0.646875 0.121875 0.12421875
0 0.73203125 0.57109375 0.1125 0.12109375
0 0.809375 0.5015625 0.08828125 0.0984375
0 0.8390625 0.3265625 0.05703125 0.0515625
0 0.634375 0.38203125 0.06796875 0.0640625
0 0.69453125 0.34765625 0.05859375 0.0515625
0 0.571875 0.6203125 0.10625 0.1
0 0.5453125 0.54609375 0.096875 0.08984375
0 0.3625 0.6578125 0.1453125 0.12421875
0 0.18359375 0.61796875 0.1234375 0.103125
0 0.39140625 0.54921875 0.109375 0.08359375
0 0.259375 0.5109375 0.1015625 0.07265625
0 0.296875 0.44921875 0.08515625 0.08046875
0 0.41015625 0.43984375 0.07734375 0.0640625
0 0.50625 0.46328125 0.08359375 0.07265625
0 0.525 0.35078125 0.06171875 0.0421875
0 0.3375 0.36640625 0.06953125 0.053125
0 0.1203125 0.45078125 0.08046875 0.0546875
0 0.225 0.36640625 0.05859375 0.046875