0 0.775 0.92421875 0.20390625 0.1515625
0 0.68046875 0.7484375 0.1546875 0.1703125
0 0.43046875 0.7859375 0.16328125 0.1515625
0 0.1203125 0.8296875 0.20703125 0.20625
0 0.09375 0.640625 0.1265625 0.12265625
0 0.04765625 0.4171875 0.08046875 0.07734375
0 0.2953125 0.57890625 0.103125 0.1015625
0 0.21171875 0.49921875 0.09296875 0.096875
0 0.3484375 0.484375 0.08046875 0.07109375
0 0.4703125 0.5609375 0.0984375 0.07578125
0 0.45703125 0.48203125 0.0953125 0.1046875
0 0.6421875 0.5828125 0.1140625 0.09375
0 0.7421875 0.52734375 0.08984375 0.08203125
0 0.609375 0.48515625 0.07734375 0.07265625
0 0.69375 0.42421875 0.06640625 0.059375
0 0.59453125 0.43046875 0.08828125 0.06640625
0 0.90625 0.4671875 0.07890625 0.06796875
0 0.84296875 0.4125 0.08359375 0.0640625