0 0.4 0.78046875 0.18203125 0.23671875
0 0.19375 0.7015625 0.15 0.17265625
0 0.13359375 0.57421875 0.10625 0.1140625
0 0.4390625 0.56015625 0.103125 0.08046875
0 0.62109375 0.5828125 0.11875 0.109375
0 0.67578125 0.74765625 0.1484375 0.1140625
0 0.77109375 0.55625 0.10625 0.08828125
0 0.71875 0.46875 0.08828125 0.0640625
0 0.596875 0.4984375 0.08984375 0.07265625
0 0.515625 0.44375 0.07109375 0.06953125
0 0.453125 0.4984375 0.103125 0.07265625
0 0.35 0.425 0.07421875 0.08359375
0 0.284375 0.38515625 0.06640625 0.07109375
0 0.58046875 0.41640625 0.06171875 0.04375
0 0.8453125 0.42265625 0.06796875 0.05625