0 0.8984375 0.9015625 0.19765625 0.19609375
0 0.928125 0.69375 0.14375 0.1609375
0 0.73515625 0.675 0.128125 0.13203125
0 0.60625 0.86015625 0.17890625 0.17421875
0 0.5890625 0.709375 0.153125 0.12734375
0 0.54296875 0.5796875 0.1078125 0.09375
0 0.296875 0.83984375 0.15859375 0.15
0 0.08515625 0.75703125 0.16015625 0.13203125
0 0.31796875 0.71875 0.1515625 0.1078125
0 0.3625 0.6 0.1265625 0.12109375
0 0.39375 0.49609375 0.0984375 0.07734375
0 0.6359375 0.459375 0.08046875 0.06953125
0 0.2953125 0.45 0.07890625 0.06953125
0 0.16875 0.41484375 0.07265625 0.05625
0 0.04453125 0.42890625 0.07734375 0.05625