0 0.809375 0.75390625 0.1140625 0.16484375
0 0.8734375 0.60859375 0.096875 0.121875
0 0.72109375 0.559375 0.078125 0.08203125
0 0.665625 0.5859375 0.0796875 0.109375
0 0.74453125 0.5 0.06484375 0.08359375
0 0.6609375 0.4453125 0.04765625 0.06640625
0 0.60390625 0.4546875 0.04140625 0.05703125
0 0.54609375 0.4578125 0.04375 0.06015625
0 0.55859375 0.40078125 0.0515625 0.075
0 0.5921875 0.39296875 0.02734375 0.03984375
0 0.52109375 0.37890625 0.0265625 0.0328125
0 0.48203125 0.3859375 0.02890625 0.0328125
0 0.55078125 0.3640625 0.0265625 0.0296875
0 0.30625 0.6078125 0.0515625 0.09296875
0 0.34296875 0.44453125 0.034375 0.06015625
0 0.334375 0.396875 0.03203125 0.04140625
0 0.42109375 0.38984375 0.0265625 0.03828125
0 0.38125 0.3734375 0.0234375 0.03515625
0 0.3609375 0.34296875 0.0203125 0.02734375