0 0.46953125 0.67890625 0.0796875 0.1109375
0 0.59296875 0.5671875 0.05390625 0.08203125
0 0.678125 0.59375 0.05234375 0.0984375
0 0.54921875 0.46875 0.04140625 0.05546875
0 0.190625 0.784375 0.1375 0.19296875
0 0.10546875 0.70859375 0.14140625 0.18203125
0 0.1203125 0.59375 0.1 0.1078125
0 0.24140625 0.5859375 0.090625 0.10625
0 0.3375 0.59375 0.0765625 0.128125
0 0.3265625 0.509375 0.06484375 0.08359375
0 0.27109375 0.4875 0.06015625 0.07421875
0 0.41171875 0.50703125 0.04921875 0.05859375
0 0.38203125 0.4640625 0.0421875 0.0578125
0 0.3546875 0.43203125 0.040625 0.05234375
0 0.4203125 0.43125 0.03515625 0.04453125
0 0.45390625 0.45625 0.04140625 0.06015625
0 0.409375 0.39921875 0.034375 0.0453125
0 0.475 0.42578125 0.0265625 0.0359375
0 0.45703125 0.39296875 0.02890625 0.0421875
0 0.44140625 0.3765625 0.02734375 0.03828125
0 0.48671875 0.371875 0.02421875 0.034375
0 0.515625 0.3859375 0.02734375 0.0359375
0 0.46640625 0.3578125 0.0203125 0.02734375
0 0.58828125 0.37109375 0.021875 0.0328125
0 0.6640625 0.36875 0.025 0.04140625