0 0.68828125 0.63671875 0.06328125 0.115625
0 0.30390625 0.62734375 0.09921875 0.14375
0 0.225 0.5734375 0.26796875 0.29765625
0 0.0640625 0.87109375 0.128125 0.2421875
0 0.45546875 0.4625 0.0421875 0.053125
0 0.40234375 0.45234375 0.03984375 0.0546875
0 0.3921875 0.41171875 0.03515625 0.040625
0 0.45234375 0.40390625 0.03046875 0.0359375
0 0.42421875 0.3875 0.0265625 0.0390625
0 0.45546875 0.3671875 0.02578125 0.03515625
0 0.48359375 0.37734375 0.0234375 0.0328125
0 0.515625 0.38046875 0.02109375 0.03125
0 0.609375 0.44453125 0.03046875 0.04453125
0 0.66328125 0.39609375 0.0234375 0.04140625
0 0.659375 0.33984375 0.0296875 0.06796875
0 0.59921875 0.340625 0.01796875 0.0265625