0 0.540625 0.690625 0.1140625 0.19921875
0 0.6921875 0.625 0.08125 0.1265625
0 0.76015625 0.5828125 0.07890625 0.11875
0 0.88828125 0.68828125 0.11953125 0.1546875
0 0.7140625 0.4875 0.0640625 0.08359375
0 0.6609375 0.50625 0.0515625 0.07109375
0 0.54375 0.45390625 0.04140625 0.05859375
0 0.5921875 0.44296875 0.03359375 0.04296875
0 0.6 0.39375 0.08515625 0.10234375
0 0.5515625 0.4046875 0.02578125 0.0296875
0 0.49765625 0.4046875 0.0234375 0.03671875
0 0.51640625 0.37734375 0.0234375 0.0328125
0 0.54296875 0.3625 0.02578125 0.0328125
0 0.33359375 0.4265625 0.03125 0.04140625
0 0.41015625 0.36328125 0.02265625 0.0296875
0 0.40078125 0.334375 0.01484375 0.02421875