0 0.696875 0.63046875 0.06015625 0.1015625
0 0.58515625 0.596875 0.05390625 0.0921875
0 0.55859375 0.4546875 0.03671875 0.06171875
0 0.615625 0.403125 0.03125 0.07265625
0 0.58828125 0.3671875 0.02109375 0.0390625
0 0.65390625 0.35234375 0.01875 0.0265625
0 0.18359375 0.76171875 0.1390625 0.18828125
0 0.12578125 0.6015625 0.1125 0.1375
0 0.29375 0.50546875 0.13203125 0.19921875
0 0.3453125 0.59921875 0.07421875 0.115625
0 0.21484375 0.51484375 0.0640625 0.09296875
0 0.39609375 0.51171875 0.0640625 0.07890625
0 0.39609375 0.44765625 0.04609375 0.05234375