0 0.53046875 0.67890625 0.0796875 0.1109375
0 0.40703125 0.5671875 0.05390625 0.08203125
0 0.321875 0.59375 0.05234375 0.0984375
0 0.45078125 0.46875 0.04140625 0.05546875
0 0.809375 0.784375 0.1375 0.19296875
0 0.89453125 0.70859375 0.14140625 0.18203125
0 0.8796875 0.59375 0.1 0.1078125
0 0.75859375 0.5859375 0.090625 0.10625
0 0.6625 0.59375 0.0765625 0.128125
0 0.6734375 0.509375 0.06484375 0.08359375
0 0.72890625 0.4875 0.06015625 0.07421875
0 0.58828125 0.50703125 0.04921875 0.05859375
0 0.61796875 0.4640625 0.0421875 0.0578125
0 0.6453125 0.43203125 0.040625 0.05234375
0 0.5796875 0.43125 0.03515625 0.04453125
0 0.54609375 0.45625 0.04140625 0.06015625
0 0.590625 0.39921875 0.034375 0.0453125
0 0.525 0.42578125 0.0265625 0.0359375
0 0.54296875 0.39296875 0.02890625 0.0421875
0 0.55859375 0.3765625 0.02734375 0.03828125
0 0.51328125 0.371875 0.02421875 0.034375
0 0.484375 0.3859375 0.02734375 0.0359375
0 0.53359375 0.3578125 0.0203125 0.02734375
0 0.41171875 0.37109375 0.021875 0.0328125
0 0.3359375 0.36875 0.025 0.04140625