0 0.71796875 0.765625 0.09453125 0.15703125
0 0.55390625 0.7453125 0.08515625 0.1515625
0 0.55859375 0.46171875 0.04609375 0.06484375
0 0.621875 0.38125 0.03125 0.04296875
0 0.6578125 0.409375 0.0296875 0.05390625
0 0.15859375 0.803125 0.1546875 0.19296875
0 0.0609375 0.659375 0.121875 0.1625
0 0.2765625 0.56328125 0.0890625 0.1078125
0 0.3546875 0.5765625 0.0765625 0.1125
0 0.42109375 0.49453125 0.06484375 0.08515625
0 0.2515625 0.51328125 0.065625 0.07890625
0 0.39296875 0.45546875 0.04453125 0.05859375
0 0.4875 0.42421875 0.0375 0.05546875