0 0.65234375 0.896875 0.1796875 0.20625
0 0.7921875 0.740625 0.10859375 0.153125
0 0.8625 0.68203125 0.11640625 0.140625
0 0.83984375 0.5609375 0.1171875 0.134375
0 0.6625 0.48046875 0.08671875 0.1296875
0 0.6640625 0.60234375 0.07421875 0.08671875
0 0.71796875 0.4921875 0.046875 0.059375
0 0.56015625 0.47421875 0.04453125 0.0625
0 0.3953125 0.50078125 0.04375 0.07109375
0 0.33671875 0.42578125 0.03046875 0.0484375
0 0.59765625 0.45390625 0.05234375 0.06640625
0 0.56484375 0.42109375 0.03359375 0.04609375
0 0.50234375 0.40703125 0.03125 0.04453125
0 0.61640625 0.415625 0.03125 0.0375
0 0.59296875 0.396875 0.028125 0.03671875
0 0.56015625 0.3734375 0.02734375 0.03828125
0 0.41953125 0.3828125 0.02265625 0.0296875
0 0.37578125 0.3609375 0.0203125 0.028125