0 0.56328125 0.7203125 0.1 0.1546875
0 0.89921875 0.890625 0.1921875 0.21875
0 0.9015625 0.61953125 0.1109375 0.128125
0 0.778125 0.6140625 0.084375 0.1171875
0 0.67578125 0.590625 0.08046875 0.11875
0 0.66640625 0.5078125 0.065625 0.07109375
0 0.671875 0.42265625 0.153125 0.18515625
0 0.571875 0.4703125 0.05 0.08359375
0 0.3875 0.44296875 0.04375 0.07109375
0 0.3203125 0.49765625 0.03984375 0.05703125
0 0.50078125 0.40859375 0.0296875 0.04296875
0 0.5578125 0.4078125 0.034375 0.046875
0 0.4109375 0.3765625 0.02265625 0.03203125
0 0.571875 0.38671875 0.0296875 0.0359375
0 0.54453125 0.365625 0.025 0.0359375
0 0.34140625 0.33671875 0.021875 0.02421875