0 0.57421875 0.634375 0.0703125 0.1171875
0 0.66875 0.521875 0.0515625 0.08359375
0 0.6671875 0.42578125 0.0375 0.04921875
0 0.6578125 0.36015625 0.0234375 0.04453125
0 0.58671875 0.36484375 0.02890625 0.04140625
0 0.2453125 0.69609375 0.1171875 0.19453125
0 0.20234375 0.61484375 0.11484375 0.15859375
0 0.1390625 0.58671875 0.11796875 0.1421875
0 0.278125 0.50078125 0.06796875 0.07890625
0 0.34921875 0.50078125 0.059375 0.07578125
0 0.37421875 0.56796875 0.06328125 0.0984375
0 0.4484375 0.47109375 0.04140625 0.06328125
0 0.3546875 0.43828125 0.04765625 0.07109375
0 0.428125 0.4203125 0.040625 0.05703125
0 0.48515625 0.41484375 0.04375 0.04609375
0 0.4578125 0.39140625 0.034375 0.05078125