0 0.4484375 0.753125 0.10703125 0.1328125
0 0.14296875 0.8 0.16953125 0.21796875
0 0.078125 0.7203125 0.1421875 0.17578125
0 0.1234375 0.596875 0.12265625 0.1171875
0 0.228125 0.52109375 0.0953125 0.096875
0 0.3 0.54453125 0.07890625 0.07734375
0 0.321875 0.60234375 0.10390625 0.11875
0 0.3046875 0.47734375 0.05234375 0.059375
0 0.415625 0.4953125 0.04375 0.06640625
0 0.396875 0.44921875 0.04296875 0.05859375
0 0.4515625 0.459375 0.03671875 0.05234375
0 0.4296875 0.4109375 0.02734375 0.04140625
0 0.34765625 0.44453125 0.04453125 0.053125
0 0.38046875 0.41640625 0.0375 0.04140625