0 0.596875 0.7046875 0.0734375 0.125
0 0.46953125 0.6359375 0.0703125 0.1078125
0 0.61484375 0.40625 0.046875 0.1140625
0 0.08515625 0.8890625 0.1703125 0.221875
0 0.209375 0.6171875 0.10234375 0.1359375
0 0.13203125 0.57421875 0.18671875 0.19765625
0 0.2546875 0.5 0.06640625 0.07734375
0 0.31171875 0.5265625 0.06015625 0.0671875
0 0.33671875 0.5984375 0.065625 0.09296875
0 0.38203125 0.53125 0.05 0.06484375
0 0.32265625 0.46171875 0.05234375 0.05546875
0 0.440625 0.47734375 0.0421875 0.0546875
0 0.41640625 0.43125 0.03671875 0.05078125
0 0.3734375 0.4234375 0.0375 0.05859375
0 0.47265625 0.4328125 0.0296875 0.04453125
0 0.45 0.396875 0.02734375 0.04140625
0 0.43515625 0.34921875 0.0515625 0.0796875
0 0.40546875 0.40625 0.0296875 0.03125