0 0.471875 0.53046875 0.0515625 0.07578125
0 0.65859375 0.59375 0.08046875 0.0984375
0 0.815625 0.6390625 0.1046875 0.1171875
0 0.9234375 0.87890625 0.153125 0.2390625
0 0.8421875 0.584375 0.09609375 0.09453125
0 0.6953125 0.53203125 0.0703125 0.0890625
0 0.70703125 0.47265625 0.0546875 0.06953125
0 0.61640625 0.46171875 0.04765625 0.05546875
0 0.571875 0.4921875 0.04765625 0.07109375
0 0.62109375 0.42109375 0.04296875 0.0625
0 0.55078125 0.40546875 0.03046875 0.0484375
0 0.565625 0.37734375 0.03515625 0.05078125
0 0.51953125 0.421875 0.03125 0.0484375
0 0.51875 0.35390625 0.0421875 0.08515625
0 0.39296875 0.43046875 0.03359375 0.05
0 0.3234375 0.44765625 0.03203125 0.0453125
0 0.3390625 0.39140625 0.021875 0.03828125
0 0.38046875 0.384375 0.02265625 0.03515625
0 0.428125 0.40078125 0.0265625 0.040625