0 0.48671875 0.571875 0.05703125 0.08515625
0 0.90546875 0.87265625 0.18671875 0.2421875
0 0.9078125 0.6203125 0.11875 0.09375
0 0.8125 0.69453125 0.13125 0.159375
0 0.76484375 0.5828125 0.09765625 0.0734375
0 0.746875 0.50546875 0.06484375 0.0765625
0 0.65234375 0.5921875 0.0734375 0.090625
0 0.5703125 0.496875 0.04375 0.0609375
0 0.625 0.4765625 0.04296875 0.0703125
0 0.6765625 0.453125 0.05 0.05625
0 0.58671875 0.43828125 0.0390625 0.053125
0 0.53828125 0.43515625 0.03828125 0.053125
0 0.603125 0.4046875 0.03671875 0.04453125
0 0.5484375 0.4046875 0.03046875 0.0375
0 0.57421875 0.39140625 0.0234375 0.03203125
0 0.515625 0.41015625 0.02421875 0.0421875
0 0.38671875 0.44296875 0.03359375 0.05
0 0.4265625 0.4125 0.02421875 0.04140625
0 0.34140625 0.36640625 0.0171875 0.028125
0 0.4046875 0.3515625 0.0171875 0.028125
0 0.546875 0.353125 0.0390625 0.06484375