0 0.41484375 0.62421875 0.0625 0.1078125
0 0.471875 0.52109375 0.04140625 0.06640625
0 0.42421875 0.403125 0.02734375 0.03515625
0 0.38046875 0.38828125 0.021875 0.034375
0 0.37421875 0.33984375 0.015625 0.0234375
0 0.3953125 0.32578125 0.01484375 0.02109375
0 0.7625 0.68203125 0.1046875 0.1453125
0 0.87890625 0.61875 0.1015625 0.10625
0 0.771875 0.58828125 0.0828125 0.0828125
0 0.659375 0.60078125 0.07890625 0.09375
0 0.725 0.46328125 0.09765625 0.14375
0 0.5703125 0.46875 0.0421875 0.06328125
0 0.6234375 0.4640625 0.0421875 0.05390625
0 0.65234375 0.43671875 0.0359375 0.05234375
0 0.53203125 0.4421875 0.0375 0.05
0 0.56640625 0.41875 0.03203125 0.040625
0 0.6 0.4109375 0.03203125 0.040625
0 0.5578125 0.365625 0.0421875 0.05078125
0 0.5265625 0.38671875 0.025 0.0296875
0 0.49609375 0.40078125 0.02421875 0.03203125