0 0.93515625 0.61484375 0.1296875 0.2140625
0 0.80390625 0.55546875 0.0875 0.0875
0 0.740625 0.57421875 0.084375 0.0890625
0 0.68046875 0.62109375 0.08828125 0.09921875
0 0.65546875 0.48984375 0.0546875 0.0734375
0 0.6921875 0.46953125 0.046875 0.0578125
0 0.5734375 0.48828125 0.046875 0.0703125
0 0.60703125 0.4546875 0.0390625 0.05546875
0 0.53671875 0.4359375 0.03515625 0.05234375
0 0.925 0.9109375 0.15 0.17734375
0 0.3328125 0.46796875 0.0390625 0.0625
0 0.39296875 0.42734375 0.02734375 0.04296875
0 0.4140625 0.37109375 0.0234375 0.0390625
0 0.3765625 0.35390625 0.0203125 0.03125
0 0.34609375 0.35234375 0.01796875 0.0296875
0 0.496875 0.38984375 0.02578125 0.04375
0 0.54765625 0.3859375 0.071875 0.0953125
0 0.58984375 0.371875 0.06328125 0.10390625