0 0.73359375 0.9125 0.1203125 0.17421875
0 0.40859375 0.81484375 0.1140625 0.16953125
0 0.6078125 0.478125 0.03359375 0.05859375
0 0.6703125 0.465625 0.03984375 0.07578125
0 0.25078125 0.6984375 0.11171875 0.140625
0 0.24609375 0.584375 0.0875 0.08828125
0 0.0859375 0.63046875 0.1109375 0.11875
0 0.2390625 0.5171875 0.07265625 0.0953125
0 0.32578125 0.45703125 0.0484375 0.07109375
0 0.365625 0.55859375 0.06796875 0.0953125
0 0.41796875 0.4984375 0.05625 0.07421875
0 0.42265625 0.4234375 0.03828125 0.05078125
0 0.39296875 0.40625 0.0328125 0.04921875
0 0.48515625 0.41640625 0.03203125 0.04921875