0 0.490625 0.88046875 0.14609375 0.2359375
0 0.70390625 0.5125 0.09609375 0.271875
0 0.58359375 0.59296875 0.0625 0.1140625
0 0.5328125 0.51015625 0.05 0.06953125
0 0.2921875 0.64375 0.084375 0.1203125
0 0.18828125 0.521875 0.121875 0.18203125
0 0.315625 0.51796875 0.071875 0.09375
0 0.42265625 0.5015625 0.05390625 0.07734375
0 0.38984375 0.46484375 0.0359375 0.06484375
0 0.29453125 0.47578125 0.05703125 0.06640625
0 0.20078125 0.63359375 0.0984375 0.125
0 0.46171875 0.44921875 0.03984375 0.046875
0 0.4046875 0.40234375 0.02890625 0.0453125
0 0.45625 0.40078125 0.02890625 0.0375
0 0.4890625 0.4125 0.02890625 0.0421875
0 0.57734375 0.3984375 0.02578125 0.03515625
0 0.6421875 0.390625 0.0234375 0.034375