0 0.14375 0.81796875 0.13828125 0.19453125
0 0.12421875 0.678125 0.11484375 0.1375
0 0.1359375 0.5921875 0.0890625 0.109375
0 0.27890625 0.54765625 0.07578125 0.0953125
0 0.36640625 0.5515625 0.065625 0.08515625
0 0.28515625 0.4828125 0.053125 0.0625
0 0.35 0.48828125 0.05234375 0.06328125
0 0.4421875 0.47578125 0.040625 0.0515625
0 0.39296875 0.45703125 0.0390625 0.0484375
0 0.35703125 0.415625 0.0515625 0.0859375
0 0.40390625 0.403125 0.0328125 0.040625
0 0.42265625 0.42578125 0.03125 0.04140625
0 0.521875 0.5375 0.0625 0.0984375
0 0.671875 0.6296875 0.0546875 0.09453125
0 0.61640625 0.4625 0.0359375 0.0578125
0 0.659375 0.39765625 0.0234375 0.0359375
0 0.5859375 0.3734375 0.02265625 0.04296875
0 0.5171875 0.38125 0.0234375 0.03125
0 0.465625 0.384375 0.025 0.04296875
0 0.4515625 0.36484375 0.02265625 0.0296875