0 0.59921875 0.61015625 0.06328125 0.115625
0 0.21484375 0.7328125 0.12421875 0.1453125
0 0.1 0.615625 0.0984375 0.1171875
0 0.215625 0.6140625 0.0953125 0.0953125
0 0.23671875 0.51484375 0.06953125 0.0828125
0 0.3265625 0.51953125 0.0625 0.071875
0 0.3359375 0.45 0.04765625 0.0625
0 0.41484375 0.49921875 0.05078125 0.0625
0 0.39453125 0.45703125 0.040625 0.05234375
0 0.4703125 0.43359375 0.0453125 0.05625
0 0.39765625 0.40390625 0.0359375 0.0453125
0 0.434375 0.42578125 0.03359375 0.05
0 0.43828125 0.38203125 0.0296875 0.03125
0 0.46796875 0.38515625 0.02734375 0.03515625
0 0.49921875 0.39765625 0.02890625 0.03515625
0 0.58828125 0.36953125 0.02421875 0.0375