0 0.459375 0.690625 0.1140625 0.19921875
0 0.3078125 0.625 0.08125 0.1265625
0 0.23984375 0.5828125 0.07890625 0.11875
0 0.11171875 0.68828125 0.11953125 0.1546875
0 0.2859375 0.4875 0.0640625 0.08359375
0 0.3390625 0.50625 0.0515625 0.07109375
0 0.45625 0.45390625 0.04140625 0.05859375
0 0.4078125 0.44296875 0.03359375 0.04296875
0 0.4 0.39375 0.08515625 0.10234375
0 0.4484375 0.4046875 0.02578125 0.0296875
0 0.50234375 0.4046875 0.0234375 0.03671875
0 0.48359375 0.37734375 0.0234375 0.0328125
0 0.45703125 0.3625 0.02578125 0.0328125
0 0.66640625 0.4265625 0.03125 0.04140625
0 0.58984375 0.36328125 0.02265625 0.0296875
0 0.59921875 0.334375 0.01484375 0.02421875