0 0.14921875 0.80390625 0.15546875 0.228125
0 0.18671875 0.6390625 0.1 0.1328125
0 0.16328125 0.57578125 0.09375 0.1140625
0 0.33671875 0.5828125 0.0734375 0.1
0 0.284375 0.55234375 0.0703125 0.08671875
0 0.28828125 0.48671875 0.0546875 0.08203125
0 0.3578125 0.484375 0.04453125 0.06484375
0 0.409375 0.4359375 0.03828125 0.05390625
0 0.4390625 0.41484375 0.02890625 0.04609375
0 0.475 0.4359375 0.034375 0.05078125
0 0.4140625 0.39296875 0.028125 0.03984375
0 0.4640625 0.3875 0.02734375 0.0375
0 0.59921875 0.4984375 0.03671875 0.05078125
0 0.5671875 0.409375 0.03046875 0.04375
0 0.61640625 0.3890625 0.02265625 0.034375
0 0.65703125 0.39296875 0.0234375 0.03125
0 0.58984375 0.35390625 0.01875 0.0265625
0 0.6234375 0.35546875 0.015625 0.025
0 0.65546875 0.34609375 0.015625 0.02421875
0 0.453125 0.36875 0.0203125 0.028125