0 0.4375 0.7484375 0.10625 0.19765625
0 0.56015625 0.72890625 0.0921875 0.14375
0 0.39765625 0.53125 0.05 0.07109375
0 0.3265625 0.46328125 0.0390625 0.05859375
0 0.43671875 0.43046875 0.0375 0.05546875
0 0.3796875 0.4125 0.040625 0.05390625
0 0.75859375 0.72421875 0.11015625 0.140625
0 0.76875 0.59375 0.08125 0.09296875
0 0.7484375 0.51796875 0.06484375 0.07265625
0 0.62265625 0.53828125 0.06953125 0.1109375
0 0.55546875 0.4640625 0.0453125 0.07265625
0 0.64609375 0.48203125 0.059375 0.07578125