0 0.73515625 0.890625 0.1125 0.20390625
0 0.6109375 0.57421875 0.0515625 0.08984375
0 0.2453125 0.68828125 0.109375 0.1453125
0 0.07265625 0.896875 0.1453125 0.20625
0 0.05546875 0.76953125 0.1109375 0.16171875
0 0.0546875 0.646875 0.109375 0.1515625
0 0.221875 0.56953125 0.1265625 0.18203125
0 0.32734375 0.51875 0.08515625 0.09296875
0 0.146875 0.5921875 0.05625 0.09375
0 0.30859375 0.46796875 0.053125 0.046875
0 0.42265625 0.50078125 0.0515625 0.07265625
0 0.37734375 0.47578125 0.04140625 0.0609375
0 0.34921875 0.43203125 0.040625 0.05390625
0 0.4140625 0.43984375 0.03984375 0.046875
0 0.54921875 0.46171875 0.04375 0.05703125
0 0.46875 0.44609375 0.03671875 0.046875