0 0.190625 0.75390625 0.1140625 0.16484375
0 0.1265625 0.60859375 0.096875 0.121875
0 0.27890625 0.559375 0.078125 0.08203125
0 0.334375 0.5859375 0.0796875 0.109375
0 0.25546875 0.5 0.06484375 0.08359375
0 0.3390625 0.4453125 0.04765625 0.06640625
0 0.39609375 0.4546875 0.04140625 0.05703125
0 0.45390625 0.4578125 0.04375 0.06015625
0 0.44140625 0.40078125 0.0515625 0.075
0 0.4078125 0.39296875 0.02734375 0.03984375
0 0.47890625 0.37890625 0.0265625 0.0328125
0 0.51796875 0.3859375 0.02890625 0.0328125
0 0.44921875 0.3640625 0.0265625 0.0296875
0 0.69375 0.6078125 0.0515625 0.09296875
0 0.65703125 0.44453125 0.034375 0.06015625
0 0.665625 0.396875 0.03203125 0.04140625
0 0.57890625 0.38984375 0.0265625 0.03828125
0 0.61875 0.3734375 0.0234375 0.03515625
0 0.6390625 0.34296875 0.0203125 0.02734375